CC per residue
   1     1   G  0.8292637877157429
   1     2   U  0.8501123694297038
   1     3   U  0.8956154991798939
   1     4   U  0.8174629594553137
   1     5   G  0.8399865777366505
   1     6   A  0.8720262625098435
   1     7   C  0.8701577439584428
   1     8   C  0.8923728463354699
   1     9   U  0.9031447629736071
   1    10   C  0.9005025031292381
   1    11   A  0.9173965822510244
   1    12   A  0.9196997738731463
   1    13   A  0.8838381545646741
   1    14   U  0.8964602926634968
   1    15   C  0.8536137570703506
   1    16   A  0.8438024251518547
   1    17   G  0.8619343993622295
   1    18   G  0.8442727413988413
   1    19   U   0.840787265702264
   1    20   A   0.860811066453964
   1    21   G  0.8895912425224695
   1    22   G  0.8857477042514244
   1    23   A  0.8682416410087581
   1    24   G  0.8616265988456893
   1    25   U  0.8482721173907276
   1    26   A  0.9081838879833395
   1    27   C  0.9220249542561298
   1    28   C  0.9116806010464497
   1    29   C  0.8795890205343073
   1    30   G   0.884905368621726
   1    31   C  0.8976181187383182
   1    32   U  0.8943700531356984
   1    33   G  0.9081387200243962
   1    34   A  0.9178606089073437
   1    35   A  0.9173464975429075
   1    36   C  0.9177180510940895
   1    37   U  0.9014341338082266
   1    38   U  0.8647805407444293
   1    39   A  0.8515318908946273
   1    40   A  0.6827850417305351
   1    41   G  0.4258531744248551
   1    42   C  0.5135965479017315
   1    43   A 0.41205919327318435
   1    44   U  0.7649684474139282
   1    45   A  0.8846432958609486
   1    46   U  0.8794652830997638
   1    47   C  0.9063321260340168
   1    48   A  0.9047165375587561
   1    49   A  0.8269843366356414
   1    50   U  0.9064438643655597
   1    51   A  0.9060900549349435
   1    52   A  0.8685085476562049
   1    53   G  0.8658682126311819
   1    54   C  0.8980222183254579
   1    55   G  0.9020417353465663
   1    56   G  0.8956857808856572
   1    57   A  0.8990881858846707
   1    58   G  0.8803166226065889
   1    59   G   0.880287488664409
   1    60   A  0.9121501394298562
   1    61   A  0.8949539600764649
   1    62   A  0.8546070774613682
   1    63   A  0.8581924819758484
   1    64   G  0.8614816813292121
   1    65   A  0.8508812693330992
   1    66   A   0.842352868954073
   1    67   A   0.876470783093184
   1    68   C  0.8783615242790391
   1    69   C   0.865818673424883
   1    70   A  0.8762666559799397
   1    71   A  0.8629970719582988
   1    72   C  0.8150055526815219
   1    73   C  0.8079347611272368
   1    74   G  0.8349280834200243
   1    75   G  0.8495631871833996
   1    76   G  0.8075387733844708
   1    77   A   0.828808374176526
   1    78   U  0.8669399164175545
   1    79   U  0.8711023727659839
   1    80   G  0.8652401452396669
   1    81   C  0.8691576034643127
   1    82   C  0.8539738411535218
   1    83   U  0.8558153862664043
   1    84   U  0.8806694256321129
   1    85   A  0.8838767404221555
   1    86   G    0.84378444808596
   1    87   U  0.8797480635650643
   1    88   A  0.8677578721101947
   1    89   A  0.8819179664585193
   1    90   C  0.8907291497987716
   1    91   G  0.8751716056604435
   1    92   G  0.7122822683712704
   1    93   C  0.6424289949769665
   1    94   G  0.8080999990845423
   1    95   A  0.8631539340818927
   1    96   G  0.8495357550638519
   1    97   U  0.8710034909140123
   1    98   G  0.8819372768091749
   1    99   A  0.8890479821424351
   1   100   A  0.8879127029351274
   1   101   G  0.8856984161863163
   1   102   C   0.879464075240103
   1   103   G  0.8654020103791105
   1   104   G  0.8770971338951796
   1   105   C  0.8860845417002894
   1   106   A  0.8886460258689196
   1   107   A  0.8812878634697351
   1   108   A  0.8372957717468099
   1   109   A  0.8664423185699497
   1   110   G  0.8413511372095666
   1   111   C   0.840667659783872
   1   112   U  0.8620020790601471
   1   113   C  0.8324946508124924
   1   114   A  0.8307912116808848
   1   115   A  0.7441140830310066
   1   116   A  0.6440226269206881
   1   117   U  0.7878735011841665
   1   118   U  0.8372902074945787
   1   119   U  0.8153679848344295
   1   120   G  0.8203613893991213
   1   121   A   0.794116938095905
   1   122   A  0.8892720202543637
   1   123   A  0.8727489192340233
   1   124   U  0.8967899344430247
   1   125   C  0.9003099306179063
   1   126   U  0.8693251951676295
   1   127   G  0.8765043070778717
   1   128   G  0.8663008134610939
   1   129   U  0.8607810834470195
   1   130   A  0.9071114995638118
   1   131   C  0.9001653578944762
   1   132   C  0.8795734099893622
   1   133   U  0.8558115321482137
   1   134   U  0.9160894486751774
   1   135   C  0.8299824762147965
   1   136   G  0.8983205435495809
   1   137   G  0.9238836693761207
   1   138   U  0.8950333302887276
   1   139   G  0.9087516732512018
   1   140   C  0.9026061180038822
   1   141   C  0.8935638848996497
   1   142   C  0.8838978894377977
   1   143   G  0.8953638664638721
   1   144   A  0.8796103873736774
   1   145   G  0.8806778226839778
   1   146   U  0.8586753438461187
   1   147   U  0.8576437087287327
   1   148   G  0.8679195458752671
   1   149   U  0.8495076700819671
   1   150   A  0.8701893716798191
   1   151   A  0.8694380997243549
   1   152   U   0.826994423870955
   1   153   U   0.867901614556363
   1   154   U  0.8534122603949312
   1   155   G  0.6950480893122365
   1   156   G  0.7590504801572909
   1   157   A  0.7730011824871845
   1   158   G  0.8619171056436251
   1   159   A  0.8598385671171013
   1   160   G  0.8348457475673163
   1   161   G  0.8487712129757922
   1   162   G  0.8544140748265706
   1   163   C  0.8345732344129833
   1   164   A  0.7699048693543449
   1   165   A  0.4940504165343181
   1   166   C  0.7381605082215119
   1   167   U  0.8420456536150341
   1   168   U  0.7965471806721023
   1   169   U  0.8377839807038434
   1   170   G  0.8670637793379747
   1   171   G  0.8374088180331729
   1   172   G  0.8026201101717926
   1   173   G  0.8278645799430819
   1   174   C  0.8234937785698324
   1   175   C  0.8045544411906376
   1   176   G   0.823047093159937
   1   177   U  0.8475816453822108
   1   178   U  0.8510883222026554
   1   179   C  0.8632953749328517
   1   180   C  0.8986796670949407
   1   181   U  0.8843912591577434
   1   182   U  0.8529600509254177
   1   183   G  0.8429845344944904
   1   184   U  0.8546491539276977
   1   185   C  0.8640138417867835
   1   186   U  0.8400469736657858
   1   187   A  0.8371631370987546
   1   188   U  0.8157742226046915
   1   189   G  0.8708586899863523
   1   190   U  0.7925701924810861
   1   191   U  0.8475839709308461
   1   192   C  0.8743932232464152
   1   193   C  0.8828459579845498
   1   194   U  0.8722848798593938
   1   195   U  0.8772028052400128
   1   196   G   0.849966130156076
   1   197   G  0.8717709978802719
   1   198   A  0.8697701924095468
   1   199   A  0.8506112023054021
   1   200   C  0.8842165384899878
   1   201   A   0.858343823458593
   1   202   G  0.8519497193495181
   1   203   G  0.8463079319286001
   1   204   A  0.8462728542377841
   1   205   C  0.7978775759213755
   1   206   G  0.8364029113118702
   1   207   U  0.8702417847187938
   1   208   C  0.8833960952662016
   1   209   A  0.8642961878111564
   1   210   U  0.8297193230125237
   1   211   A  0.8745933265919889
   1   212   G  0.8775389495437904
   1   213   A   0.866660678797456
   1   214   G   0.896957755976196
   1   215   G  0.8660077897591945
   1   216   G  0.8613941032215159
   1   217   U  0.8284704554387182
   1   218   G  0.8517906425121714
   1   219   A  0.8688880300625529
   1   220   G  0.8613201297404726
   1   221   A  0.8765383851477263
   1   222   A  0.8868040440269154
   1   223   U  0.8726276469350852
   1   224   C   0.866936924853876
   1   225   C  0.8473194325325925
   1   226   C  0.8689977822619898
   1   227   G  0.8959989345875811
   1   228   U  0.8938179578081167
   1   229   G  0.8799955450821304
   1   230   U  0.9026130376062033
   1   231   G   0.862534948762947
   1   232   G  0.8384280687369952
   1   233   C  0.8558308797401596
   1   234   G  0.8666404586926453
   1   235   A   0.873702283642892
   1   236   G   0.891434125986172
   1   237   G  0.8903204126760259
   1   238   A  0.8826830840195343
   1   239   G  0.8032058711684893
   1   240   U  0.7458551777469921
   1   241   G  0.8054745024731375
   1   242   C  0.8588185665695752
   1   243   G  0.8101391831068332
   1   244   G  0.7728152960186067
   1   245   U  0.7532778723921876
   1   246   U  0.7876813856413706
   1   247   C  0.7531869250262119
   1   248   U  0.7831678459521642
   1   249   U  0.8126834313656551
   1   250   U  0.8114817432202718
   1   251   G  0.8442486124756583
   1   252   U  0.7614276907390247
   1   253   A  0.8740865133353126
   1   254   A  0.8461513515936775
   1   255   A  0.8193198050326957
   1   256   G  0.8842245486030036
   1   257   U   0.882412059826488
   1   258   G  0.8585797118250019
   1   259   C  0.8605683035509594
   1   260   C  0.8612826803435043
   1   261   U  0.8405146618481651
   1   262   U  0.8503368905632791
   1   263   C  0.8277893008867271
   1   264   G  0.7795706564418947
   1   265   A  0.6211787757479716
   1   266   A  0.6240825986831976
   1   267   G  0.8405449105686148
   1   268   A    0.85328754117377
   1   269   G  0.8049076098982596
   1   270   U  0.8726078599291657
   1   271   C  0.8711980834477971
   1   272   G  0.8728575164764483
   1   273   A  0.8648649059446895
   1   274   G  0.8455445551507214
   1   275   U  0.8417153507034234
   1   276   U  0.8757056437066251
   1   277   G  0.8871967172064988
   1   278   U  0.8792057014788054
   1   279   U  0.9026666560714391
   1   280   U  0.8784964605910305
   1   281   G  0.8825676787339054
   1   282   G  0.8893033905879701
   1   283   G  0.8287885164971016
   1   284   A  0.6785635293959622
   1   285   A  0.7268848990874686
   1   286   U  0.8301014529154866
   1   287   G  0.8849994258690085
   1   288   C   0.886250732965057
   1   289   A  0.8921935541527798
   1   290   G  0.8835247449571677
   1   291   C   0.820140298188281
   1   292   U  0.8503236817074189
   1   293   C  0.8438475766458763
   1   294   U  0.8714490651991096
   1   295   A  0.8871272265900298
   1   296   A   0.867246527902135
   1   297   G  0.8499958550497119
   1   298   U  0.8192133082039695
   1   299   G  0.8467295911005398
   1   300   G  0.8511495607090537
   1   301   G  0.8481056694807955
   1   302   U  0.8208333780381513
   1   303   G  0.8189221221061522
   1   304   G   0.803218996562168
   1   305   U  0.6689745983722017
   1   310   U  0.3577929126768798
   1   311   C  0.6983234482060754
   1   312   C  0.8335338669800703
   1   313   A  0.8783356138301527
   1   314   U  0.8679337600003442
   1   315   C   0.867802322457112
   1   316   U  0.8128728391639468
   1   317   A  0.8187327139761105
   1   318   A  0.8502853474458509
   1   319   A  0.8810214380596497
   1   320   G  0.8820348271903355
   1   321   C  0.8758023887132788
   1   322   U  0.8585015333125323
   1   323   A  0.8402763229945888
   1   324   A  0.8740810830632462
   1   325   A  0.8785890618678626
   1   326   U  0.8584061313560526
   1   327   A  0.8991283458052641
   1   328   U  0.8817601361985145
   1   329   U  0.8209754337067392
   1   330   G  0.9020268863139584
   1   331   G  0.8870711128225013
   1   332   C  0.8893301975148755
   1   333   G   0.852144469349863
   1   334   A  0.8487943078220425
   1   335   G  0.8444797653455866
   1   336   A  0.8245622587128159
   1   337   G  0.8037731071073816
   1   338   A  0.8558825583132655
   1   339   C  0.8484485543834742
   1   340   C  0.8661435031601068
   1   341   G  0.8712471516763484
   1   342   A  0.8868992278853074
   1   343   U   0.866168553352432
   1   344   A  0.9104508673704808
   1   345   G  0.8623408862623408
   1   346   C  0.8686083870955836
   1   347   G  0.8646329115301475
   1   348   A   0.852801900570574
   1   349   A  0.9057587065879285
   1   350   C  0.8865208683512936
   1   351   A  0.6724938591955575
   1   352   A  0.8822183260925022
   1   353   G  0.8790303854808669
   1   354   U  0.8859961805919552
   1   355   A  0.8743481544064492
   1   356   C  0.8956624509389034
   1   357   A  0.8885875573635482
   1   358   G    0.86779865652973
   1   359   U  0.8841735038267706
   1   360   G  0.8808570973244699
   1   361   A  0.8755969225713033
   1   362   U  0.8980193138767447
   1   363   G  0.8882980159056543
   1   364   G  0.8656233313113643
   1   365   A  0.8831993923896146
   1   366   A  0.8789555753237344
   1   367   A  0.8945458163846944
   1   368   G  0.9068630270366445
   1   369   A  0.8817589337062897
   1   370   U  0.8699897085042059
   1   371   G  0.8534810730338152
   1   372   A  0.8720720618284281
   1   373   A  0.8688398784432485
   1   374   A  0.8809586940905497
   1   375   A  0.8851406893812372
   1   376   G  0.8705977303406597
   1   377   A  0.8699935074016059
   1   378   A  0.8674493215451778
   1   379   C  0.8718105214644885
   1   380   U  0.8601960370143596
   1   381   U  0.8492091724312879
   1   382   U  0.8381632170318017
   1   383   G  0.8245656378458164
   1   384   A  0.8648825339454209
   1   385   A  0.8648811734689599
   1   386   A  0.8375899792465094
   1   387   A  0.8393951134067663
   1   388   G  0.8375863603714333
   1   389   A  0.8090955219008197
   1   390   G  0.8387483416245772
   1   391   A  0.8402487156069083
   1   392   G  0.8294613435611827
   1   393   U  0.8608091001877789
   1   394   G  0.8332174622127054
   1   395   A  0.8713257267603739
   1   396   A  0.8573383595959025
   1   397   A  0.8835001504664195
   1   398   A  0.8451520626256759
   1   399   A  0.8678484004117094
   1   400   G   0.898984858307945
   1   401   U  0.6956339539052593
   1   402   A  0.7846635687603193
   1   403   C  0.8587744464707961
   1   404   G  0.8621478492780168
   1   405   U  0.8612513398000589
   1   406   G  0.8458329106922422
   1   407   A  0.8950592005530632
   1   408   A  0.9038750404790054
   1   409   A  0.8892010022365758
   1   410   U  0.8764123758423237
   1   411   U  0.8938949471351484
   1   412   G  0.8659297737436663
   1   413   U     0.8242442924093
   1   414   U   0.844056933563819
   1   415   G  0.8416012205973293
   1   416   A   0.846754181801707
   1   417   A  0.8258366016280698
   1   418   A  0.8502793494755514
   1   419   G  0.8634469929541775
   1   420   G  0.8550766209847952
   1   421   G  0.8429246896971282
   1   422   A  0.8214524136969593
   1   423   A  0.8210748425667026
   1   424   G  0.7931006173677787
   1   425   G  0.9019869469001612
   1   426   G  0.9253467921816424
   1   427   C  0.9035439810256711
   1   428   A  0.8567147774139677
   1   429   U  0.8323194425746681
   1   430   U  0.8200280467325133
   1   431   U  0.8402942892321135
   1   432   G  0.8063754868411916
   1   433   A  0.8242684152235027
   1   434   U  0.8212210679222782
   1   435   C   0.854770481481076
   1   436   A  0.8637024045777382
   1   437   G  0.8614570849925054
   1   438   A  0.8437884523677361
   1   439   C  0.8048478502036033
   1   440   A  0.7934029814195819
   1   441   U  0.7033903423313294
   1   442   G  0.6649098893529671
   1   443   G  0.6886199227194998
   1   444   U  0.6801471970141963
   1   445   G   0.475601018221632
   1   446   U  0.3233481305592393
   1   447   U  0.1393634020443638
   1   448   U 0.08760547370322509
   1   449   U 0.18425759481457432
   1   450   G 0.14122265043513219
   1   451   U 0.04240722754119025
   1   452   G 0.12060183150857984
   1   453   C 0.11188949149991348
   1   454   C-0.014865993450509212
   1   455   C 0.15850273269044599
   1   456   U  0.1397004020864289
   1   457   C 0.07082665081386234
   1   458   U 0.17971622561907247
   1   459   G 0.24225412775136365
   1   460   C  0.2207075507427622
   1   461   U 0.16385498651698138
   1   462   C 0.01707593300217753
   1   463   C 0.07305763751005052
   1   464   U 0.07488534982608958
   1   465   U  0.2103418780780716
   1   466   G 0.02969830495248223
   1   467   U 0.12842192074354294
   1   468   G 0.10561665313978202
   1   469   G 0.09910690077387345
   1   470   G 0.26412957997277914
   1   471   U 0.20716046696989535
   1   472   A 0.14054665094761748
   1   473   G 0.20632274258418587
   1   474   G 0.21576005163940798
   1   475   G   0.153631538570423
   1   476   G 0.15404913731664838
   1   477   A 0.18767843841000145
   1   478   A 0.24631987376023812
   1   479   U 0.24147447463024097
   1   480   C 0.07995499231425994
   1   481   U 0.12707433555662587
   1   482   C 0.32636727010490585
   1   483   G 0.27297239989278504
   1   484   C 0.15555420872296735
   1   485   A 0.21504668803459115
   1   486   U 0.29515394480031587
   1   487   U   0.315309468471901
   1   488   U  0.2769722593381566
   1   489   C 0.28345362794842055
   1   490   A  0.4493534397304086
   1   491   C   0.619462099605588
   1   492   U  0.6608934415136615
   1   493   G  0.7418630824046983
   1   494   G  0.8125292011953855
   1   495   G  0.8656747448071909
   1   496   C  0.8835754976578487
   1   497   C  0.8654480657882944
   1   498   A  0.8756722625740664
   1   499   G  0.8751215343441608
   1   500   C  0.8684153070182138
   1   501   A  0.8569763242134192
   1   502   U  0.8876486857309452
   1   503   C  0.8827316060469083
   1   504   A  0.8915910402695141
   1   505   G  0.8722985783786893
   1   506   U  0.8700605257465722
   1   507   U  0.8952823045655184
   1   508   U  0.8950281464563002
   1   509   U  0.8999752190540565
   1   510   G  0.9021779277672659
   1   511   G  0.8852576765121352
   1   512   U  0.8816508434822784
   1   513   G  0.8878713866109871
   1   514   G  0.8746106006418564
   1   515   C   0.853676636446199
   1   516   A  0.8702618753339162
   1   517   G  0.8850754065841194
   1   518   G  0.8766857028496515
   1   519   A  0.8610728689319017
   1   520   U  0.8566580865270202
   1   521   A  0.9034967347538788
   1   522   A  0.9087791119399674
   1   523   A  0.9047900561426986
   1   524   U  0.8740907864738424
   1   525   C  0.8401927375812565
   1   526   C  0.8196269994212362
   1   527   A   0.822406500466114
   1   528   U  0.7901530228116187
   1   529   A  0.8174530379550708
   1   530   G  0.8461264014279091
   1   531   G  0.8285137324964456
   1   532   A  0.8365988587751021
   1   533   A  0.8579471398348979
   1   534   U  0.8342553356762449
   1   535   G   0.862611330539555
   1   536   U  0.8600613036250868
   1   537   A   0.783558756099234
   1   538   G  0.7702045776711287
   1   539   C    0.70693572486867
   1   540   U   0.603886453713407
   1   541   U 0.44623704661063557
   1   542   G 0.36537285601710556
   1   543   C  0.3940410530477922
   1   544   C  0.2788668787802909
   1   545   U  0.3689864920004927
   1   546   C  0.2788255132490946
   1   547   G  0.2944376976905218
   1   548   G 0.21513026504872185
   1   549   U  0.4141575000052371
   1   550   A  0.5397238928434615
   1   551   A  0.5715766918739413
   1   552   G  0.6960589248370619
   1   553   U  0.7739023577369437
   1   554   A  0.7679821341928195
   1   555   U  0.8017049804097699
   1   556   U  0.8263713666395865
   1   557   A  0.8264952775619905
   1   558   U  0.7890093515148392
   1   559   A  0.8743390139330679
   1   560   G  0.8799674545343601
   1   561   C  0.8618385032328478
   1   562   C  0.8913502223186015
   1   563   U  0.8764202864857497
   1   564   G  0.8535611966332802
   1   565   U  0.7907761214736643
   1   566   G  0.8162392538685918
   1   567   G  0.7890757930681683
   1   568   G  0.7917669309583808
   1   569   A  0.8161237581199713
   1   570   A  0.8643246156202241
   1   571   U  0.8839302678729651
   1   572   A  0.8955605872569766
   1   573   C  0.8999322388414503
   1   574   U  0.8906132112339568
   1   575   G  0.8919315809836593
   1   576   C  0.9034736171300796
   1   577   C  0.9187360238525625
   1   578   A  0.8563912594651024
   1   579   G  0.8939818354121829
   1   580   C  0.8995343741795374
   1   581   U  0.8701090822960077
   1   582   G  0.8696092586631518
   1   583   G  0.8990682893376315
   1   584   G  0.8749987920900252
   1   585   A   0.904276938913432
   1   586   C  0.9003041596619732
   1   587   U  0.9003547464214924
   1   588   G  0.8894741313315421
   1   589   A  0.8643994619715024
   1   590   G  0.8264306991254745
   1   591   G  0.8095430265918964
   1   592   A  0.8419479346755211
   1   593   C  0.8074139579079004
   1   594   U  0.8360507709048284
   1   595   G  0.8435128836699259
   1   596   C  0.8452848054017142
   1   597   G  0.8295683716107509
   1   598   A  0.8474170072844232
   1   599   C  0.7985357392428241
   1   600   G  0.7151865628061018
   1   601   U  0.6971381395909195
   1   602   A  0.6896751769261534
   1   603   A  0.6981685155743987
   1   604   G  0.8032509199081355
   1   605   U  0.8478593645961875
   1   606   C  0.8894173886441655
   1   607   A  0.8367680401235017
   1   608   A  0.8587150626159032
   1   609   G  0.8398282925908249
   1   610   G  0.8688752169753752
   1   611   A  0.8859864504505056
   1   612   U  0.8843690885067058
   1   613   G  0.8742138555720006
   1   614   C  0.8661060223455496
   1   615   U  0.8745890163561266
   1   616   G  0.8533391033337645
   1   617   G  0.8479707901945932
   1   618   C  0.8292598681184481
   1   619   A  0.8335045373759213
   1   620   U  0.8110749097687888
   1   621   A  0.8726076769614401
   1   622   A  0.8468257906172134
   1   623   U  0.8659599147404723
   1   624   G  0.8311508929591774
   1   625   G  0.8449432076868987
   1   626   U  0.8403259337572295
   1   627   U  0.8528171316798532
   1   628   A  0.8464098353910751
   1   629   U  0.8522650013885487
   1   630   A  0.8805724480225513
   1   631   U  0.8558843508812017
   1   632   G  0.8604457957968349
   1   633   C  0.8979519811098755
   1   634   C  0.9084491643204782
   1   635   G  0.8683642177843817
   1   636   C  0.7549775679289944
   1   637   C  0.8200287331350253
   1   638   C   0.892522233228771
   1   639   G  0.9021509448659615
   1   640   U  0.8864321299807635
   1   641   C  0.8617687723407135
   1   642   U  0.8707936861588443
   1   643   U   0.854218689011843
   1   644   G  0.8723392886690287
   1   645   A  0.8694109961816652
   1   646   A  0.8629297052799274
   1   647   A  0.8584100643133747
   1   648   C  0.8613439038967541
   1   649   A  0.8994493533339184
   1   650   C  0.8934563674660138
   1   651   G  0.9009932594521726
   1   652   G  0.9044984118138297
   1   653   A  0.9252350429852383
   1   654   C  0.9097256261961112
   1   655   C  0.8580033648580956
   1   656   A  0.8930401951893735
   1   657   A   0.895195805166589
   1   658   G  0.8657661556452101
   1   659   G   0.888348244976248
   1   660   A  0.8526212188153512
   1   661   G  0.8939413108083538
   1   662   U    0.86881237479791
   1   663   C  0.8625021675979926
   1   664   U  0.8691775968676483
   1   665   A  0.9002202347579729
   1   666   A   0.891584843125231
   1   667   C  0.8738940443972174
   1   668   G  0.8432674103740896
   1   669   U    0.84856086322759
   1   670   C  0.8827662016561426
   1   671   U  0.8996897577878387
   1   672   A  0.9206662518096238
   1   673   U  0.8970800821806408
   1   674   G  0.8778707871559126
   1   675   C  0.8785344272631569
   1   676   G  0.8667951271210852
   1   677   A  0.8486370941308226
   1   678   G  0.8921416252428911
   1   679   U  0.9037512586150134
   1   680   G  0.8947244730847843
   1   681   U  0.8509455913559101
   1   682   U  0.8403710654921818
   1   683   U  0.8774559922314968
   1   684   G  0.8818176636389594
   1   685   G   0.854619895286049
   1   686   G  0.8834533687894331
   1   687   U  0.8133212064906834
   1   688   G  0.8569124113439307
   1   689   U  0.8330652568718462
   1   690   A  0.8912453268897526
   1   691   A  0.8620824114515422
   1   692   A  0.8848431888853622
   1   693   A  0.8848960113599195
   1   694   C  0.8842218764548492
   1   695   C  0.8554581096383663
   1   696   C  0.7522842296823983
   1   697   A  0.7874333160059943
   1   698   U  0.8883694295099175
   1   699   A  0.8886493167876048
   1   700   C  0.8979848700249609
   1   701   G  0.9026766028690412
   1   702   C  0.8890597759839596
   1   703   G   0.881751905713161
   1   704   U  0.8582874401026085
   1   705   A  0.4771510549790658
   1   706   A 0.33708229895210917
   1   707   U 0.32816977419056154
   1   708   G  0.2892711348702747
   1   709   A 0.21502629233166565
   1   710   A    0.20364872849989
   1   711   A 0.14691338287231506
   1   712   G 0.14844993806169043
   1   713   U  0.2813658717715354
   1   714   G 0.22379881663505746
   1   715   A  0.2562497668373567
   1   716   A 0.31787837888994785
   1   717   C  0.3012756486355922
   1   718   G 0.24102942954303921
   1   719   U   0.287138645495006
   1   720   A  0.2814160562035082
   1   721   G  0.4409347684284574
   1   722   G  0.5461099943376293
   1   723   U  0.6556198603577964
   1   724   U  0.6326285536480016
   1   725   G  0.7685209805773218
   1   726   G  0.7960775155573745
   1   727   G  0.8090738519656597
   1   728   G  0.8162434769875867
   1   729   C  0.7423028875445876
   1   730   C  0.7339799150278987
   1   731   U  0.7011097049391781
   1   732   C  0.6633924358413906
   1   733   G  0.5530748759734412
   1   734   C  0.3522239644754372
   1   735   A 0.46894825446517135
   1   736   A  0.5408139976048327
   1   737   G  0.6568767546622462
   1   738   A  0.6996685562920991
   1   739   G  0.7014574650265926
   1   740   G  0.7721817557310832
   1   741   U  0.7902888606810706
   1   742   G   0.793068233078038
   1   743   C  0.7166159157645051
   1   744   A   0.783007216151897
   1   745   C  0.7862674664785174
   1   746   A  0.7513589687069429
   1   747   A  0.6335590929330915
   1   748   U  0.4453000590963918
   1   749   C  0.3818171643729996
   1   750   G 0.41648670083652656
   1   751   A  0.3988590847097999
   1   752   C 0.30822399303457065
   1   753   C  0.3064314064861161
   1   754   G  0.2635309608698808
   1   755   A 0.18787692688856367
   1   756   U  0.0962063601203531
   1   757   C 0.13600372398189609
   1   758   C 0.14995397935789959
   1   759   U  0.1580388009232832
   1   760   G 0.22061829261662444
   1   761   A 0.21679863071509864
   1   769   G  0.2460066654610707
   1   770   G  0.2030130303139106
   1   771   A 0.08427474249510751
   1   772   U  0.1470083091890346
   1   773   G 0.11267233610614097
   1   774   G 0.14325678568038985
   1   775   A0.035930500566149756
   1   776   U-0.03697200025924074
   1   777   U 0.11436637126632991
   1   778   U 0.22538495480467355
   1   779   G  0.1888095171598611
   1   780   A 0.09692660037820083
   1   781   G 0.30370409923166636
   1   782   U  0.3915684321458354
   1   783   A  0.4088767334402773
   1   784   A  0.5966553555894136
   1   785   G  0.8315535626779655
   1   786   A  0.8720403967017555
   1   787   G  0.8700956628990486
   1   788   C  0.8926972812382069
   1   789   A  0.8964579211254574
   1   790   U  0.9299347992796213
   1   791   A  0.9316940331435776
   1   792   G  0.9078492711334318
   1   793   C   0.891772876061817
   1   794   U   0.857005660446392
   1   795   G  0.8699582181179917
   1   796   U  0.8745419763980828
   1   797   U  0.8455183235108349
   1   798   G  0.8571690984909986
   1   799   G  0.8605762266871805
   1   800   G  0.8522564868391566
   1   801   A  0.9029353261310722
   1   802   C   0.891151964425892
   1   803   C  0.8775193053324803
   1   804   C  0.8973126095783986
   1   805   G  0.9009792515254001
   1   806   A  0.8514345008740393
   1   807   A  0.5912366803427176
   1   808   A  0.7512659087958543
   1   809   G  0.8456399917567308
   1   810   A  0.8980727693805944
   1   811   U   0.902530397135859
   1   812   G  0.8742149768582581
   1   813   G  0.8678310363866489
   1   814   U   0.877543615358479
   1   815   G  0.8197030964695576
   1   816   A  0.6519172330847958
   1   817   A  0.4270072480834879
   1   818   C 0.20226935102779955
   1   819   U 0.16970383054518776
   1   820   A 0.48837850227966345
   1   821   U  0.6125656903833141
   1   822   G  0.8253983620569325
   1   823   C  0.8970629071446389
   1   824   C  0.8985988092998592
   1   825   U  0.8771756863448981
   1   826   G  0.8575091347032079
   1   827   A  0.8858829876164102
   1   828   A  0.8731174462636458
   1   829   U  0.8720698126151332
   1   830   A  0.8478075007350816
   1   831   G  0.8602738483232766
   1   832   G  0.8500692545240958
   1   833   G  0.8532067368136306
   1   834   U   0.839685613577524
   1   835   G  0.8270942915107935
   1   836   A  0.8470907920234146
   1   837   A  0.8488004620444285
   1   838   G  0.8355491780803548
   1   839   C  0.8505856273776864
   1   840   C  0.8113991410939443
   1   841   A    0.81627655917443
   1   842   G  0.7128854291948439
   1   843   A   0.673856797519347
   1   844   G  0.5649243882038957
   1   845   G  0.4883604955113183
   1   846   A 0.46258120145572196
   1   847   A  0.3833798890183975
   1   848   A  0.3365046169396189
   1   849   C  0.4771084126298785
   1   850   U  0.4619170880500514
   1   851   C  0.6344341679590619
   1   852   U   0.785827622661991
   1   853   G  0.7953608915287965
   1   854   G  0.8446732685928107
   1   855   U  0.8328137385347634
   1   856   G  0.8553139631824469
   1   857   G  0.8288845363213851
   1   858   A  0.7380003684996802
   1   859   G  0.5807084997532901
   1   860   G 0.39416760701420145
   1   861   C  0.8215538680301148
   1   862   U  0.8572300256250176
   1   863   C  0.8295706776848881
   1   864   G  0.8153629539277316
   1   869   G  0.6765360467367783
   1   870   C  0.6827382368953202
   1   871   G   0.667507985054907
   1   872   G  0.7017158773259664
   1   873   U  0.5437145784920283
   1   886   C 0.11575527353170162
   1   887   G 0.30483929544745403
   1   888   A 0.42034820874774503
   1   889   U  0.4297943962986814
   1   890   C 0.47089476405768005
   1   891   G  0.6210026783129245
   1   892   U  0.5764742363412242
   1   893   C  0.5184788653663359
   1   894   G 0.21857244506108814
   1   895   A  0.5159015500114669
   1   896   A  0.6990965023186447
   1   897   U  0.7391283873986041
   1   898   U  0.6826118633371376
   1   899   U  0.6506623529043506
   1   900   G  0.7056282689657851
   1   901   G  0.7177790899233001
   1   902   G  0.7152654208676104
   1   903   U  0.6707709714885949
   1   904   A  0.6770019852563073
   1   905   U  0.5782855562023008
   1   906   A 0.47295403290465987
   1   907   G  0.4457305182743558
   1   908   G 0.30984491011247883
   1   909   G  0.5027390556894474
   1   910   G  0.6785285798324643
   1   911   C   0.769454923574255
   1   912   G  0.7998890515239749
   1   913   A  0.7785141788291512
   1   914   A   0.770575057433486
   1   915   A  0.7249040916987887
   1   916   G  0.7021570662709261
   1   917   A 0.37438708735628606
   1   918   C 0.28704877828984465
   1   925   A  0.6093134157386874
   1   926   A   0.853556084405432
   1   927   C  0.8890787102625299
   1   928   C  0.9131571094514147
   1   929   A  0.9127382405086493
   1   930   U  0.8990474963131678
   1   931   C  0.8942648933586388
   1   932   U  0.9054094314382255
   1   933   A  0.8708712935111902
   1   934   G   0.881053748290461
   1   935   U  0.8724408250574439
   1   936   A  0.8954733248704604
   1   937   G  0.8607166605176592
   1   938   C  0.9220828709636979
   1   939   U  0.9225030032223971
   1   940   G  0.9104898092420464
   1   941   G  0.9079247054753095
   1   942   U  0.8809946816207822
   1   943   U   0.915122635546464
   1   944   C  0.8695306068190584
   1   945   C  0.8892466136686498
   1   946   U  0.8839037384860536
   1   947   G  0.9018822288737116
   1   948   C  0.9218137263293276
   1   949   C  0.9083258105328327
   1   950   G  0.9004423827384569
   1   951   A    0.89725896745944
   1   952   A  0.8745974706084039
   1   953   G  0.8385070904159151
   1   954   U  0.7368605701604647
   1   955   U  0.7258828614575042
   1   956   U  0.7331064503696837
   1   957   C    0.73715770411585
   1   958   C  0.5803410604818316
   1   959   C 0.18233840952972918
   1   960   U  0.1920430026256327
   1   961   C 0.24083440293430466
   1   962   A  0.4848053043530444
   1   963   G  0.6145665364620462
   1   964   G  0.6882867908050199
   1   965   A   0.763687607227231
   1   966   U  0.7711422790315847
   1   967   A  0.8129083951837658
   1   968   G  0.7983319738818635
   1   969   C  0.8331959381758977
   1   970   A  0.8947059992393954
   1   971   G  0.9019715042123571
   1   972   A  0.9064941369172784
   1   973   A  0.9001250286149407
   1   974   G  0.8856724708605342
   1   975   C  0.8813276172704962
   1   976   U  0.7868682766306565
   1   977   C  0.7478900975057612
   1   978   G  0.6796889998084517
   1   979   U  0.4302251940574526
   1   980   A  0.3432926545724502
   1   981   U  0.6921536824874085
   1   982   C  0.8108373651096891
   1   983   A  0.8523836027703322
   1   984   G  0.8589515163576881
   1   985   U  0.8579454494255639
   1   986   U  0.8542181077313913
   1   987   U  0.7816879652761946
   1   988   U  0.6567655864033305
   1   989   A  0.5261629351962844
   1   990   U  0.3356457153876379
   1   991   G 0.23908123498863534
   1   992   A 0.13153652158958526
   1  1057   A 0.19242816513788913
   1  1058   U 0.19927549955956783
   1  1059   G 0.33465589994040423
   1  1060   U  0.3521359198623555
   1  1061   A  0.3238054505044434
   1  1062   A  0.4423919221900274
   1  1097   G  0.2362139581694995
   1  1098   A  0.7229521708172356
   1  1099   A  0.8676853255633086
   1  1100   U  0.8533702504063588
   1  1101   G  0.8522622517381594
   1  1102   A  0.7748059952918869
   1  1103   A  0.7310253496262982
   1  1104   G  0.8093765471740291
   1  1105   A  0.8535522541243513
   1  1106   G  0.8753240573352487
   1  1107   C  0.8485707667310614
   1  1108   U  0.8439484763204073
   1  1109   U  0.8593648352884147
   1  1110   U  0.9089016538032212
   1  1111   U  0.8826025978023737
   1  1112   A  0.8575553248867761
   1  1113   G  0.8700717143409674
   1  1114   U  0.8524805090295823
   1  1115   G  0.8190183059603129
   1  1116   G  0.8139378713541715
   1  1117   G  0.8419520152005943
   1  1118   C  0.9015469404224735
   1  1119   C  0.9212589985075187
   1  1120   A  0.9116251718904378
   1  1121   U  0.8642163047808238
   1  1122   U  0.8399063062848326
   1  1123   U   0.829887558986848
   1  1124   U   0.841498473214837
   1  1125   U  0.8591185685213455
   1  1126   G  0.8720360900407547
   1  1127   G  0.8397951960626898
   1  1128   U  0.6640724314369089
   1  1129   A  0.6518893937249831
   1  1130   A  0.8354686238426708
   1  1131   G  0.8700421927500024
   1  1132   C  0.8946321769707111
   1  1133   A  0.8724505981576142
   1  1134   G  0.8430452614920999
   1  1135   A  0.8458181645331276
   1  1136   A  0.8337167504181958
   1  1137   C  0.8408190999241301
   1  1138   U  0.8604913932269799
   1  1139   G  0.8668944977719082
   1  1140   G  0.8924306615605603
   1  1141   C  0.8837971437328656
   1  1142   G   0.853752371926195
   1  1143   A  0.8949340896784865
   1  1144   U  0.8406657455372777
   1  1145   G  0.8927858470772146
   1  1146   C  0.9030508156603434
   1  1147   G  0.8938857452844606
   1  1148   G  0.8825571852868958
   1  1149   G  0.8988505182632356
   1  1150   A  0.8716365889695257
   1  1151   U   0.881383959904616
   1  1152   G  0.9186556833549745
   1  1153   A  0.9237047110810487
   1  1154   A  0.9216632838451315
   1  1155   C  0.9307014262074536
   1  1156   C  0.8926232640740467
   1  1157   G   0.901004662283322
   1  1158   A  0.8985464603443378
   1  1159   A  0.7404754114559234
   1  1160   C  0.8502812982726489
   1  1161   G  0.8949645293607551
   1  1162   U  0.9061005327655433
   1  1163   A   0.913646220563962
   1  1164   G  0.9012016888108844
   1  1165   A  0.9039979845806818
   1  1166   G  0.8991429308341424
   1  1167   U  0.8748473293015091
   1  1168   U  0.8846947803108866
   1  1169   A   0.885836193194908
   1  1170   A  0.8442233523063117
   1  1171   G  0.8965979144702024
   1  1172   G  0.8866836688810642
   1  1173   U  0.8563758898128081
   1  1174   G    0.87439333564815
   1  1175   C  0.8554158943293804
   1  1176   C  0.8681563749654856
   1  1177   G  0.8738444951874961
   1  1178   G  0.8266239380373078
   1  1179   A   0.850999858556918
   1  1180   A  0.8608994207130557
   1  1181   U  0.8301173761591618
   1  1182   A  0.8793887205295308
   1  1183   C  0.8786392908167898
   1  1184   A  0.8890740406585946
   1  1185   C  0.8767976820902516
   1  1186   G   0.880108394938324
   1  1187   C  0.8893467870845878
   1  1188   U  0.9015283156775101
   1  1189   C  0.8779206743320909
   1  1190   A  0.8645687582251805
   1  1191   U  0.7937302516703872
   1  1192   C  0.6423359875384337
   1  1193   A  0.8558386092501526
   1  1194   G  0.9171272291781314
   1  1195   A  0.9082329184569521
   1  1196   C   0.622299974135007
   1  1197   A  0.3603637077240656
   1  1198   C  0.3033542555105293
   1  1199   C 0.36843165457691607
   1  1200   A  0.7921270917492775
   1  1201   C   0.847853836212337
   1  1202   A  0.8564107005727958
   1  1203   A  0.8255018993202246
   1  1204   A  0.6675416815953843
   1  1205   A  0.7235298016704189
   1  1206   G  0.8675560721479284
   1  1207   G  0.8666957339774555
   1  1208   U  0.8311378224605386
   1  1209   G  0.8868072773657605
   1  1210   U  0.8692257338242443
   1  1211   U  0.8647490236394327
   1  1212   A  0.8687887784357348
   1  1213   G   0.860375100946449
   1  1214   U  0.8497495745524445
   1  1215   U   0.842705412515699
   1  1216   C  0.8248043502249566
   1  1217   A  0.8380206658752163
   1  1218   U  0.8343822498721826
   1  1219   C  0.8039338829089843
   1  1220   U  0.8023120427151266
   1  1221   A   0.763737214431112
   1  1222   G  0.7616607599510016
   1  1223   A  0.7674930292215533
   1  1224   C  0.7513308378099604
   1  1225   A  0.8241456121074346
   1  1226   G  0.8310699987706951
   1  1227   C  0.7676329906210333
   1  1228   C  0.7516378394999078
   1  1229   G  0.8249749564365333
   1  1230   G  0.8143915096635614
   1  1231   A  0.7973765194594039
   1  1232   C  0.7401170075836362
   1  1233   G  0.7574933022992634
   1  1234   G  0.7279981808435277
   1  1235   U  0.7358726478865771
   1  1236   G  0.7675531351802545
   1  1237   G  0.7509381493185407
   1  1238   C  0.7386050861387061
   1  1239   C   0.696309128843687
   1  1240   A  0.6267269847243505
   1  1241   U  0.6068678532226867
   1  1242   G  0.6529579699053898
   1  1243   G  0.7175384876272903
   1  1244   A  0.7127495381346087
   1  1245   A  0.7442914895962023
   1  1246   G  0.7742646002755504
   1  1247   U  0.7725195536719344
   1  1248   C  0.7367677634068397
   1  1249   G  0.7320659533851894
   1  1250   G  0.7216507887388723
   1  1251   A  0.6885151787768017
   1  1252   A  0.6954471807673366
   1  1253   U  0.6407814278716054
   1  1254   C  0.7100429478262341
   1  1255   C  0.7316813891242172
   1  1256   G  0.7216658289651028
   1  1257   C  0.6920334803075772
   1  1258   U  0.7368817678740865
   1  1259   A   0.717903369188526
   1  1260   A  0.8101399724198851
   1  1261   G  0.7820211014728455
   1  1262   G  0.7553971992506482
   1  1263   A  0.6892532161832368
   1  1264   G  0.8039868758730162
   1  1265   U  0.8194229531615196
   1  1266   G  0.8184963425434179
   1  1267   U  0.8220830088356397
   1  1268   G   0.810629491988464
   1  1269   U  0.7623920567552096
   1  1270   A  0.7883151088928297
   1  1271   A  0.7767427558005204
   1  1272   C  0.7839116612600723
   1  1273   A   0.795332010210618
   1  1274   A  0.8149457250834261
   1  1275   C  0.8326266307392558
   1  1276   U  0.8667506905749003
   1  1277   C  0.8824539463670953
   1  1278   A  0.8040091872714987
   1  1279   C  0.8100513108477526
   1  1280   C  0.7763324792577712
   1  1281   G  0.8139463079275656
   1  1282   G  0.8204621781656808
   1  1283   C   0.795241106592293
   1  1284   C  0.7873195133396935
   1  1285   G  0.7544425984595613
   1  1286   A  0.7288048061743733
   1  1287   A  0.8148583587891621
   1  1288   U   0.821057286870096
   1  1289   G  0.8609811420137738
   1  1290   A  0.8767130930469395
   1  1291   A  0.8748533258375768
   1  1292   C  0.8736258288180537
   1  1293   U  0.8343344851403489
   1  1294   A  0.8525935810688589
   1  1295   G  0.8816816975930375
   1  1296   C  0.9129307895382005
   1  1297   C  0.9014287137969513
   1  1298   C  0.8650573421291214
   1  1299   U  0.8537913959150324
   1  1300   G  0.8487219100597422
   1  1301   A  0.8165604789511351
   1  1302   A  0.7823123503447944
   1  1303   A  0.8447770153668528
   1  1304   A  0.8929522664767388
   1  1305   U  0.8582027012701273
   1  1306   G  0.8413598566796006
   1  1307   G   0.803864952500994
   1  1308   A   0.878533861795183
   1  1309   U  0.8700634471580266
   1  1310   G  0.8929672717310552
   1  1311   G   0.905548578346729
   1  1312   C  0.8700560659604667
   1  1313   G  0.8713366625766591
   1  1314   C  0.8830773726887248
   1  1315   U  0.8650476127067627
   1  1316   C  0.8421341609354727
   1  1317   A  0.9124581066686176
   1  1318   A   0.895963269453727
   1  1319   G  0.9294444550883387
   1  1320   C  0.9170869906055016
   1  1321   G   0.897618702396616
   1  1322   U    0.86250717568055
   1  1323   G  0.8810503917186188
   1  1324   U  0.8807612973892956
   1  1325   U  0.8632572736968458
   1  1326   A  0.8709666628233163
   1  1327   C  0.8899665281085501
   1  1328   C   0.902007695996994
   1  1329   U   0.822217104213925
   1  1330   A  0.8848030405605798
   1  1331   U  0.8815576366952388
   1  1332   A  0.9170383181683894
   1  1333   C  0.8836727538163083
   1  1334   U   0.885763664268916
   1  1335   C  0.9082612117393511
   1  1336   U  0.9109226983920613
   1  1337   A  0.9154519887113312
   1  1338   C  0.8666935682923081
   1  1339   C  0.8722606379441454
   1  1340   G  0.9036640111514831
   1  1341   U  0.8937146170688759
   1  1342   C  0.8708678542560391
   1  1343   A  0.8664389384372364
   1  1344   G  0.8678516226810863
   1  1345   G  0.8310746675683022
   1  1346   G  0.8569915435170543
   1  1347   U  0.8485361689430304
   1  1348   U   0.540505343109451
   1  1349   G 0.33185392329994456
   1  1350   A 0.10912493199525332
   1  1351   U  0.2919508146418247
   1  1352   A  0.2303110981995865
   1  1353   U  0.2595859930614988
   1  1354   G  0.3925506566765063
   1  1355   A  0.5597711475697181
   1  1356   U  0.5158381035065333
   1  1357   G   0.769193584496271
   1  1358   C    0.88535553202967
   1  1359   C  0.8650184496849339
   1  1360   C  0.8813466393791551
   1  1361   U  0.8854022924663656
   1  1362   G  0.8855831507212076
   1  1363   A  0.8896411308135853
   1  1364   C  0.8887209318068261
   1  1365   G  0.9101315304639098
   1  1366   A  0.8677927186077027
   1  1367   G  0.8830077428619542
   1  1368   U  0.9245951272587244
   1  1369   A  0.9090992151894765
   1  1370   G  0.9173581921715674
   1  1371   G  0.9292399844960707
   1  1372   C  0.9164673461046995
   1  1373   A  0.9217671115762172
   1  1374   G  0.9093098605670142
   1  1375   G  0.8952846842171183
   1  1376   C  0.9058436413633332
   1  1377   G  0.8917688982206098
   1  1378   U  0.8888818349873484
   1  1379   G  0.8702181283775478
   1  1380   G    0.88555029667795
   1  1381   A  0.8717642156820131
   1  1382   G  0.8858888268206232
   1  1383   G  0.8799808504299653
   1  1384   U  0.8313474516787225
   1  1385   C  0.8484123412349346
   1  1386   A   0.865825812950789
   1  1387   G   0.905335638377998
   1  1388   U  0.8423148619811943
   1  1389   G  0.8455548713946774
   1  1390   A  0.8587684477859933
   1  1391   C  0.8222347597567662
   1  1392   G  0.8428608905121697
   1  1393   A  0.8543676424788931
   1  1394   A  0.8675504852480997
   1  1395   G   0.864770529956029
   1  1396   C  0.8607676478008262
   1  1397   C  0.8878333940907419
   1  1398   U  0.8631664164314461
   1  1399   A  0.6510773789588817
   1  1400   G  0.7972319137663012
   1  1401   A  0.8707717181098416
   1  1402   C  0.8765798140694832
   1  1403   C  0.8929288269647069
   1  1404   G  0.8769783930147891
   1  1405   U  0.8770010357291069
   1  1406   A  0.8963221619276838
   1  1407   A  0.9218832780099875
   1  1408   G   0.893203873474346
   1  1409   G  0.9153532732093966
   1  1410   U  0.8876582274751039
   1  1411   C  0.8207441084298887
   1  1412   G  0.8572035391186121
   1  1413   G  0.8885908416079384
   1  1414   G   0.883466317881556
   1  1415   U  0.8745281635440549
   1  1416   C  0.8626375463571401
   1  1417   G  0.8159940586232552
   1  1418   A  0.8661312103610894
   1  1419   A  0.8544439096414601
   1  1420   C   0.862055354558553
   1  1421   G  0.8846390245583828
   1  1422   G  0.8933583855582515
   1  1423   C   0.903473236181261
   1  1424   C  0.8965669310503862
   1  1425   U  0.8955855847805102
   1  1426   C  0.9087596726942853
   1  1427   U  0.8926394345636577
   1  1428   A  0.8665274689683483
   1  1429   G  0.8474375609644976
   1  1430   U  0.8354144053363797
   1  1431   G  0.8740272987293871
   1  1432   C  0.9040425650214116
   1  1433   A  0.8655492851616188
   1  1434   G  0.8615036863393688
   1  1435   A  0.9173037039206453
   1  1436   U  0.8726654979011897
   1  1437   C  0.8759309412796463
   1  1438   U  0.8761753543609039
   1  1439   U  0.9007718201974383
   1  1440   G   0.904697297479277
   1  1441   G   0.911587999810908
   1  1442   U  0.8872064271143622
   1  1443   G  0.8879584518434073
   1  1444   G   0.881709829635102
   1  1445   U  0.8761199890008797
   1  1446   A  0.9031246396857775
   1  1447   G   0.864046600499693
   1  1448   U  0.8866931006203311
   1  1449   A  0.8350017288469201
   1  1450   G  0.8222898062087853
   1  1451   C  0.8421464885765478
   1  1452   A  0.6598769746390192
   1  1453   A  0.3510664964244834
   1  1454   A 0.27377705371633015
   1  1455   U 0.40509468738630694
   1  1456   A   0.812930811494314
   1  1457   U  0.8321075541696243
   1  1458   U  0.8534890609695287
   1  1459   C  0.8246223425711121
   1  1460   A  0.8378765295795635
   1  1461   A  0.8653031825296844
   1  1462   A  0.8630355347668343
   1  1463   U  0.8486386794422172
   1  1464   G  0.8649755502169773
   1  1465   A  0.8794273254716745
   1  1466   G  0.8544609473096595
   1  1467   A  0.8309409460443726
   1  1468   A  0.8192636383729242
   1  1469   C  0.7992353438198768
   1  1470   U  0.8329649531063599
   1  1471   U  0.8683023254340424
   1  1472   U  0.8752855449098131
   1  1473   G  0.8557153656994951
   1  1474   A  0.8809355429917188
   1  1475   A  0.8886807997688202
   1  1476   G  0.8434602712151643
   1  1477   A   0.845444053942259
   1  1478   C  0.8740930744053086
   1  1479   U  0.8658608065356034
   1  1480   G   0.872693232331996
   1  1481   A  0.8715370217740638
   1  1482   A  0.8479620173176323
   1  1483   G  0.8489573587687582
   1  1484   U  0.8783557684493067
   1  1485   G  0.8543173661516957
   1  1486   G   0.879503199543475
   1  1487   G  0.8509101207551282
   1  1488   G  0.8781240244265428
   1  1489   A  0.8892184579248555
   1  1490   A  0.8369465276133676
   1  1491   A  0.8697486445304563
   1  1492   G  0.8774894736480933
   1  1493   G  0.8647845138928144
   1  1494   U  0.8919429254239891
   1  1495   U  0.8760895877446798
   1  1496   C  0.8858489071949947
   1  1497   C  0.8690287360310847
   1  1498   A  0.8670056413405166
   1  1499   C  0.8589686146666361
   1  1500   G  0.7990730559000109
   1  1501   U  0.7049579199101303
   1  1502   C  0.7119574858650618
   1  1503   A  0.8226183027168383
   1  1504   A   0.851384730135844
   1  1505   C  0.8583457727596514
   1  1506   A   0.875462460617923
   1  1507   G  0.7504264695211489
   1  1508   C  0.8192920173927716
   1  1509   A  0.8528528949736043
   1  1510   G  0.8500138986123188
   1  1511   U   0.842246590356369
   1  1512   U  0.8474044109349496
   1  1513   G   0.841802460335833
   1  1514   G  0.7165960549570131
   1  1515   A  0.8908278653126305
   1  1516   C  0.8781063153545262
   1  1517   G   0.876792970824937
   1  1518   U  0.8492724627771296
   1  1519   G  0.8706334943485012
   1  1520   G  0.8985361201136309
   1  1521   G  0.8994393716043181
   1  1522   U   0.873821892957539
   1  1523   U  0.8728346345701523
   1  1524   A  0.8828229451056416
   1  1525   G  0.9040542597019671
   1  1526   U  0.9186367636644576
   1  1527   C  0.8692050471104185
   1  1528   G  0.8836204805421328
   1  1529   A   0.911576158094581
   1  1530   U  0.8994629021762303
   1  1531   C  0.9101920407905455
   1  1532   C  0.9113340176218321
   1  1533   U  0.9070174098536469
   1  1534   A    0.90494684863216
   1  1535   A  0.8754304160227621
   1  1536   G  0.9081584617713281
   1  1537   A  0.8889391159007705
   1  1538   G   0.871882775716469
   1  1539   A  0.8829636632643683
   1  1540   U  0.8915031312285631
   1  1541   G  0.8916783055142402
   1  1542   G  0.8841593445639814
   1  1543   G  0.8780849951193666
   1  1544   G  0.8725294329536367
   1  1545   A  0.8676164646719262
   1  1546   A  0.8683350774497622
   1  1547   G  0.8916174596608384
   1  1548   C   0.856463024828782
   1  1549   U   0.853907327610599
   1  1550   C  0.9101179205555414
   1  1551   C  0.8901767560208327
   1  1552   G  0.8337032124747158
   1  1553   U   0.872543165927155
   1  1554   U  0.8680074379238594
   1  1555   U  0.8261331374911586
   1  1556   C  0.7962560239406705
   1  1557   A  0.9087406093135303
   1  1558   A   0.887063702320329
   1  1559   A  0.8836220042932562
   1  1560   G  0.8726298109101387
   1  1561   G  0.9033155119569033
   1  1562   C  0.9000440052506444
   1  1563   C  0.9101145045070308
   1  1564   U  0.9019327481896552
   1  1565   G  0.8634848562900646
   1  1566   A  0.8588568966004739
   1  1567   U  0.8136963818200157
   1  1568   U  0.8090398711229517
   1  1569   U  0.8342052997379367
   1  1570   U  0.8449632160534389
   1  1571   A  0.7911203636293721
   1  1572   U  0.8420796124198097
   1  1573   G  0.8545198190554701
   1  1574   C  0.8726143548176991
   1  1575   A  0.9156170546846701
   1  1576   G  0.9041208568156248
   1  1577   G  0.8979429202450196
   1  1578   C  0.8794460560995675
   1  1579   C  0.8383720080831453
   1  1580   A   0.676005069974757
   1  1581   C  0.5173286965499243
   1  1582   C  0.6216846648936329
   1  1583   A  0.8424936194923177
   1  1584   U  0.8829520399318237
   1  1585   C  0.8975702364667667
   1  1586   G  0.8847081208734497
   1  1587   A  0.8980185018645729
   1  1588   A  0.8724006579542639
   1  1589   A  0.8458375547288326
   1  1590   G  0.8836394205060089
   1  1591   G  0.9035431098888158
   1  1592   G   0.827586382064345
   1  1593   A  0.8222187321879746
   1  1594   A  0.8897463043097066
   1  1595   U   0.903595144666526
   1  1596   C  0.9245218940718447
   1  1597   C  0.8948534469501815
   1  1598   G  0.8839677886888158
   1  1599   G  0.9070191222745638
   1  1600   U  0.8748024044355678
   1  1601   U  0.8626616755052284
   1  1602   A  0.8467690610238098
   1  1603   A  0.8852123240743162
   1  1604   G  0.8723742573778231
   1  1605   A  0.8331014903356091
   1  1606   U  0.8699706498796257
   1  1607   U  0.8945106652130521
   1  1608   C  0.8981378236858968
   1  1609   C  0.8843388954016095
   1  1610   G  0.9048077108215327
   1  1611   G  0.9062782532097641
   1  1612   A  0.8907265079533392
   1  1613   A  0.8396511049225639
   1  1614   C   0.905058996056796
   1  1615   C  0.9336608974084298
   1  1616   U   0.928424751045933
   1  1617   G  0.9053338304335581
   1  1618   G  0.9134835261300991
   1  1619   A  0.8889346152188894
   1  1620   U  0.8505545538151501
   1  1621   A  0.8794556843902226
   1  1622   U   0.909372494193025
   1  1623   G  0.9217909076063586
   1  1624   G  0.8984010616588981
   1  1625   A  0.8850816515187142
   1  1626   U  0.8817009388737683
   1  1627   U  0.6765354695032744
   1  1628   C 0.43033289605241215
   1  1629   U  0.6925597503873385
   1  1630   U   0.866228647834955
   1  1631   C  0.9135840523236035
   1  1632   A  0.8748398649963629
   1  1633   C  0.8773697173856317
   1  1634   G  0.8787049846859312
   1  1635   G  0.8829317471451207
   1  1636   U  0.8471870043348038
   1  1637   A   0.857419195558433
   1  1638   A  0.8877858455725379
   1  1639   C  0.8522129221972148
   1  1640   G  0.8602235452135348
   1  1641   U  0.8586755866678673
   1  1642   A  0.8895699190760512
   1  1643   A  0.8977852154502779
   1  1644   C  0.8767906614610049
   1  1645   U   0.892800599573328
   1  1646   G  0.8730578971144699
   1  1647   A  0.8968403464472996
   1  1648   A  0.8943855831715309
   1  1649   U  0.8787749648015959
   1  1650   G  0.8909519059233356
   1  1651   U   0.915034604148584
   1  1652   G  0.9125665943226619
   1  1653   G  0.9038193986816685
   1  1654   A  0.8956034776730748
   1  1655   G  0.9132655895909438
   1  1656   A  0.9162677634883947
   1  1657   C   0.830139164869928
   1  1658   G  0.8556646997864891
   1  1659   U  0.8992416362567691
   1  1660   C  0.8807641479953238
   1  1661   G  0.8779342777781456
   1  1662   G  0.8740935174665218
   1  1663   C  0.8886901978545334
   1  1664   G  0.8946804421488046
   1  1665   C  0.8805183569595858
   1  1666   G  0.8658868161020165
   1  1667   A  0.8912402535340935
   1  1668   G  0.8710849279853184
   1  1669   C  0.8699402394648617
   1  1670   C  0.8849160351445977
   1  1671   C  0.8519878307738202
   1  1672   U  0.8422634645403572
   1  1673   G  0.8564417542997967
   1  1674   G   0.856699004077007
   1  1675   G  0.8452992726197479
   1  1676   A  0.8485586160033689
   1  1677   G  0.8511588352401462
   1  1678   G  0.8227119241938836
   1  1679   A  0.8252367468160378
   1  1680   G  0.7746438866376358
   1  1681   U  0.7550971678177678
   1  1682   U   0.730766655102835
   1  1683   A  0.7475810485483145
   1  1684   U  0.7701775846506993
   1  1685   C  0.7750111184547325
   1  1686   U  0.7483816513461206
   1  1687   U  0.7315436837092085
   1  1688   U  0.6179245384408758
   1  1689   U  0.7582933963278804
   1  1690   C  0.8449086899799356
   1  1691   U  0.8807301919709828
   1  1692   U  0.8614937003465121
   1  1693   C  0.8613666536847902
   1  1694   U  0.8829701274406029
   1  1695   U   0.874607970079348
   1  1696   A  0.9128574215002818
   1  1697   A  0.9078959974124766
   1  1698   C  0.9044549223597974
   1  1699   A  0.8871146470415184
   1  1700   G  0.8990360569337322
   1  1701   C  0.8790583676879143
   1  1702   U  0.8716837692866197
   1  1703   U  0.8418282622441666
   1  1704   A  0.7971776943707449
   1  1705   U  0.8703963994410732
   1  1706   C  0.9086490271744168
   1  1707   A  0.9067562264399854
   1  1708   C  0.9083400910004389
   1  1709   C  0.8961048213543197
   1  1710   C  0.8604096367132124
   1  1711   C  0.8228925267526223
   1  1712   G  0.8114182613380818
   1  1713   G  0.7889238240993559
   1  1714   A  0.8458486436739906
   1  1715   A   0.790142902909839
   1  1716   U  0.7572131927632477
   1  1717   U   0.813677909287953
   1  1718   G  0.8228942279648118
   1  1719   G  0.8369948672460775
   1  1720   U  0.8474775154985653
   1  1721   U  0.8365383609879917
   1  1722   U  0.8301257187334177
   1  1723   A  0.8555916912654513
   1  1724   U   0.777135382792342
   1  1725   C  0.8652357209421443
   1  1726   C  0.8524399782076904
   1  1727   G   0.842280302601699
   1  1728   G  0.8027421939522135
   1  1729   A  0.8250932975581857
   1  1730   G   0.826256282550724
   1  1731   A  0.8580841298966742
   1  1732   U  0.8610328945852811
   1  1733   G  0.8825519624652541
   1  1734   G  0.8615066420561432
   1  1735   G  0.8848119363724644
   1  1736   G  0.8587804188062607
   1  1737   U  0.9109712783677657
   1  1738   C  0.8774796858519067
   1  1739   U  0.8264561916391341
   1  1740   U  0.7604172953244258
   1  1741   A  0.7678029264161704
   1  1742   U  0.7288448950618087
   1  1743   G  0.7945418978004396
   1  1744   G  0.8372919087556357
   1  1745   C  0.8503393099805193
   1  1746   U  0.8532976448708874
   1  1747   G  0.8565479349951106
   1  1748   G  0.8681770400810014
   1  1749   A  0.9027635135152071
   1  1750   A  0.8572231580266166
   1  1751   G  0.8537609032803263
   1  1752   A   0.885085955639718
   1  1753   G  0.8772290405279192
   1  1754   G  0.8892070187856322
   1  1755   C   0.862315034970273
   1  1756   C   0.852558477828873
   1  1757   A  0.7940132348390437
   1  1758   G  0.7604498893775599
   1  1759   C  0.6868380485536845
   1  1760   A  0.5690277890596113
   1  1761   C  0.3421808309045393
   1  1762   C 0.28644895761819383
   1  1763   U 0.16943490204787856
   1  1764   U 0.25718363349595624
   1  1765   U  0.3099271047281582
   1  1766   G  0.5558095974501153
   1  1767   C  0.7123321868715868
   1  1768   U   0.802152883875168
   1  1769   G  0.8101728809417006
   1  1770   G  0.8292582826628181
   1  1771   C  0.8084660233312155
   1  1772   U  0.8621285470143947
   1  1773   C    0.84978211968524
   1  1774   C  0.8381147098249767
   1  1775   G  0.8447093391287105
   1  1776   G  0.8412407227559413
   1  1777   U  0.8216883203317007
   1  1778   G  0.7587821183791467
   1  1779   C  0.7630511620607718
   1  1780   G  0.8306323594146942
   1  1781   C  0.8685201379198052
   1  1782   U  0.8648045019323164
   1  1783   U  0.9038109257121466
   1  1784   G  0.8918619249426157
   1  1785   U  0.8878316339782479
   1  1786   G  0.8791863230111869
   1  1787   A  0.8715362532133047
   1  1788   C  0.8824027926023705
   1  1789   G  0.8680620980323578
   1  1790   G  0.8558280046350091
   1  1791   C  0.8564002425971036
   1  1792   C  0.8433218948215945
   1  1793   C  0.8397170408277987
   1  1794   G  0.8016064264783549
   1  1795   U  0.8060610217422776
   1  1796   G  0.8741505339401109
   1  1797   A  0.9036810995368054
   1  1798   A  0.9298990790927845
   1  1799   A  0.9224634231700548
   1  1800   A  0.8984402283968297
   1  1801   U  0.9031893455539557
   1  1802   C  0.9144669248852922
   1  1803   C  0.9165619875581623
   1  1804   A  0.9258023784766958
   1  1805   C  0.8829074281084219
   1  1806   A  0.8903104341896597
   1  1807   G   0.874540458405371
   1  1808   G  0.8820161500006496
   1  1809   A  0.9022359860415755
   1  1810   A  0.9104807436171072
   1  1811   G  0.9151777539387256
   1  1812   G  0.9119910092469544
   1  1813   A  0.8965597048872703
   1  1814   A  0.8706186978937436
   1  1815   U  0.8272572290221335
   1  1816   A  0.8507078018314828
   1  1817   G  0.8756110039782287
   1  1818   U   0.873495134197518
   1  1819   U  0.8366527717022384
   1  1820   U  0.8155264356437061
   1  1821   U  0.8102365906190889
   1  1822   C  0.8955258187649661
   1  1823   A   0.921166803662764
   1  1824   U  0.9098692950125913
   1  1825   G   0.867092455652218
   1  1826   C  0.9035393124777689
   1  1827   C  0.9238199599415358
   1  1828   A  0.9271839522797077
   1  1829   G  0.9214169102705442
   1  1830   G  0.8662288653035275
   1  1831   U  0.8660622055658629
   1  1832   C  0.8782566815497689
   1  1833   G  0.8627279110535467
   1  1834   U  0.8071891073592143
   1  1835   A  0.8523669137070458
   1  1836   C  0.8591574924001281
   1  1837   U  0.7447153231171215
   1  1853   U  0.8389020937485558
   1  1854   C  0.9021892802081544
   1  1855   U  0.9091967130702754
   1  1856   C   0.881967897987973
   1  1857   C  0.8539927326603233
   1  1858   A  0.8563602155184669
   1  1859   A  0.8825687377864005
   1  1860   G  0.8636419838649986
   1  1861   G  0.7937344901028924
   1  1862   U   0.614347903630009
   1  1863   G 0.45989993934241097
   1  1864   A 0.25851564535489563
   1  1865   A 0.24602074564453072
   1  1866   C  0.3159156412888821
   1  1867   A 0.43046694928430923
   1  1868   G  0.5948870221678119
   1  1869   C   0.735711668026608
   1  1870   C  0.7784246709826542
   1  1871   U  0.8160179021818327
   1  1872   C  0.8872005714744007
   1  1873   U  0.8740159081946293
   1  1874   A   0.863853873000826
   1  1875   G  0.8418960018109617
   1  1876   U  0.8323683257191405
   1  1877   U  0.8181588020320067
   1  1878   G   0.648900173970594
   1  1879   A  0.6669073246546723
   1  1880   U   0.843915023970477
   1  1881   A  0.8585039871582119
   1  1882   G  0.8486164556745066
   1  1883   A   0.832565920260375
   1  1884   A  0.7880750660897888
   1  1885   U  0.6467056544235054
   1  1916   U 0.07809574030733973
   1  1917   C 0.09671264766256345
   1  1918   C   0.270928942460132
   1  1919   G  0.3183384580778025
   1  1920   U 0.30585294789066914
   1  1921   A 0.25636686371532885
   1  1922   A  0.3511500854658714
   1  1923   C  0.3779248267405257
   1  1924   U 0.40971492004614923
   1  1925   U 0.47934521847295153
   1  1926   C  0.5132338561079943
   1  1927   G  0.5700039805840573
   1  1928   G  0.5215112165056098
   1  1929   G 0.30739252830893254
   1  1930   A 0.11632483706099521
   1  1931   U  0.2124359291352529
   1  1932   A  0.5195982023863566
   1  1933   A  0.3397660751235271
   1  1934   G 0.20560169123380437
   1  1935   G 0.10217028366947474
   1  1936   A 0.20782899735471017
   1  1937   U   0.257341867301298
   1  1938   U 0.38642490347824604
   1  1939   G 0.49806321444281687
   1  1940   G  0.5067020634684337
   1  1941   C  0.6146549639874731
   1  1942   U  0.6729719876618351
   1  1943   C  0.6752610064424022
   1  1944   U  0.7038855336933041
   1  1945   A  0.6785722926201072
   1  1946   A  0.7770236006478457
   1  1947   G  0.7849625102597257
   1  1948   G  0.7399971113863152
   1  1949   G  0.7992311105987836
   1  1950   U   0.768749180567991
   1  1951   C  0.7022764637692462
   1  1952   G  0.6365627533590402
   1  1953   G  0.5015985507048886
   1  1954   G  0.4748417425616303
   1  1955   U  0.4922321716143459
   1  1956   A 0.46963836933167646
   1  1957   G  0.3065395559036924
   1  1958   U  0.2889272086063588
   1  1959   G 0.33509584823709726
   1  1960   A  0.5512874317550217
   1  1961   G  0.6098836648808162
   1  1962   G  0.6284951681529494
   1  1963   G  0.4613327527396702
   1  1964   C  0.3511623941666912
   1  1965   C 0.34965859436715385
   1  1966   U  0.3481353246138282
   1  1967   U   0.339103113574995
   1  1968   G  0.3708985065084516
   1  1969   G 0.44274066424986624
   1  1970   U  0.5010035466604583
   1  1971   C  0.4382277607112381
   1  1972   A 0.38509694245699555
   1  2050   C  0.2129793670627171
   1  2051   G 0.41293398565386413
   1  2052   G 0.48291220847312977
   1  2053   C  0.5317653610954217
   1  2054   C  0.4965244072701106
   1  2055   U   0.402710108879928
   1  2056   U   0.530022451034697
   1  2057   G  0.5095384265638186
   1  2058   G 0.35738636233947974
   1  2080   C  0.4042435734193631
   1  2081   U  0.5504065458347048
   1  2082   U  0.5691977734780618
   1  2083   G 0.40923519041141443
   1  2084   C  0.4242136502606417
   1  2085   U 0.37895489338478433
   1  2086   A  0.3436503941815328
   1  2087   C 0.35221822496490673
   1  2088   A 0.37107325032587135
   1  2089   A   0.437483944621278
   1  2090   U  0.4776186862600253
   1  2091   U  0.5473357228602663
   1  2092   A  0.6570704014153655
   1  2093   A  0.6903773437785714
   1  2094   C  0.6986303357576674
   1  2095   G  0.6765085500033604
   1  2096   A  0.6883065055212283
   1  2097   U  0.6725920590094742
   1  2098   C  0.7081153934434438
   1  2099   A  0.7444008639127059
   1  2100   A  0.7293765423323878
   1  2101   C  0.5764478873645967
   1  2102   U 0.42404568040494134
   1  2103   U  0.2357606492488071
   1  2104   A  0.4212173336860222
   1  2105   G 0.40639285740499914
   1  2106   A   0.401239739550693
   1  2107   A 0.31953558677924376
   1  2108   C  0.2562873232953697
   1  2109   U  0.2645021829570431
   1  2110   G 0.25585061350471633
   1  2111   G  0.2411278756365147
   1  2112   U  0.3541400162148718
   1  2113   A 0.26129208165779444
   1  2114   C 0.15245398463593707
   1  2115   G 0.10917888368742498
   1  2116   G 0.09512548521240989
   1  2117   A  0.1203655086951058
   1  2118   C 0.03186451258331185
   1  2119   A-0.003580600510743585
   1  2120   A 0.05049651626681478
   1  2347   U 0.29639349615036026
   1  2348   A  0.6037174401687617
   1  2349   U  0.8411226202931912
   1  2350   C  0.8790513729756363
   1  2351   U  0.8667401195316363
   1  2352   A  0.8468045978478255
   1  2353   G  0.8917987016547809
   1  2354   C  0.9058823118960054
   1  2355   G  0.8918196234373619
   1  2356   A  0.8973097423688662
   1  2357   A  0.9115441741785661
   1  2358   A  0.8970244776987527
   1  2359   C  0.8897932657773046
   1  2360   C  0.8989476637318825
   1  2361   A  0.9149438307824009
   1  2362   C  0.8961408380901721
   1  2363   A  0.8804811004160807
   1  2364   G  0.8153764014667421
   1  2365   C  0.8718333297180169
   1  2366   C  0.8960321512631125
   1  2367   A  0.9131110780517764
   1  2368   A  0.8878451253900563
   1  2369   G  0.9057538723675457
   1  2370   G  0.9008147240820528
   1  2371   G  0.8862112100787493
   1  2372   A  0.8426876772103719
   1  2373   A 0.37638998002664253
   1  2374   C  0.5625956777725185
   1  2375   G  0.7320747060375781
   1  2376   G  0.8400194338806128
   1  2377   G  0.8204696822393877
   1  2378   C  0.8928213337634189
   1  2379   U  0.9238689127151605
   1  2380   U   0.919891036952591
   1  2381   G  0.9155786112856927
   1  2382   G  0.8594360381911155
   1  2383   C  0.8670354679634154
   1  2384   A  0.8791133319266878
   1  2385   G  0.8544625681029818
   1  2386   A  0.8836278512353681
   1  2387   A  0.8830507508622273
   1  2388   U  0.8659782899578338
   1  2389   C  0.8891922201956532
   1  2390   A  0.8935533603959255
   1  2391   G  0.8660747270622674
   1  2392   C   0.588345727007826
   1  2393   G   0.278009313661902
   1  2394   G  0.5875472587109417
   1  2395   G  0.7295234911587514
   1  2396   G  0.6949894030812557
   1  2397   A  0.5570588481161199
   1  2404   A 0.41433160448749756
   1  2405   C  0.6965626284708882
   1  2406   C  0.7867403074495825
   1  2407   C  0.8434916857269736
   1  2408   U  0.8369703212532216
   1  2409   G  0.8226038635738897
   1  2410   U  0.8247597108688622
   1  2411   U  0.8112035580091838
   1  2412   G  0.8147916350609169
   1  2413   A  0.7816004282542424
   1  2414   G  0.8253293354043424
   1  2415   C  0.8134416801390161
   1  2416   U  0.7448761185635113
   1  2417   U  0.7287259976491287
   1  2418   G  0.7411791896520633
   1  2419   A  0.6341044239415238
   1  2420   C   0.696901195332428
   1  2421   U  0.7565830880891777
   1  2422   C   0.765441338523574
   1  2423   U  0.6631332351427252
   1  2424   A  0.6886269288289611
   1  2425   G  0.7635779038863719
   1  2426   U  0.7588664740820241
   1  2427   U  0.7589785978036259
   1  2428   U  0.6988652827918876
   1  2429   G  0.6964276653037114
   1  2430   A   0.616079745218461
   1  2431   C  0.4462714678021891
   1  2432   A 0.38345656870905515
   1  2433   U  0.2902717076148548
   1  2434   U 0.15135334207870932
   1  2435   G 0.17513256712244665
   1  2436   U 0.32028879006354405
   1  2437   G 0.36160103584917935
   1  2438   A  0.2498555739922263
   1  2439   A 0.25461317400391265
   1  2440   G 0.35624838333634123
   1  2441   A 0.31178110898649536
   1  2442   G 0.25497538908117456
   1  2443   A  0.3011566484622479
   1  2444   C 0.21137914821358328
   1  2445   A 0.29287774440241143
   1  2446   U  0.3281548681023098
   1  2447   A  0.4145499094928942
   1  2448   G 0.33313506138768184
   1  2449   A 0.39663203823761084
   1  2450   G  0.3249754793094183
   1  2451   G  0.3199608079619584
   1  2452   G  0.4124920615856248
   1  2453   U 0.46132980581740024
   1  2454   G   0.548061677615175
   1  2455   U  0.5754280776803609
   1  2456   A 0.47852057034605405
   1  2457   G  0.4602261356434294
   1  2458   A  0.5529794046651187
   1  2459   A 0.49866343154946596
   1  2460   U 0.48623611275126366
   1  2461   A  0.6400160867187146
   1  2462   A  0.5727017430529311
   1  2463   G  0.5873387788949895
   1  2464   U  0.5147059508420937
   1  2465   G 0.38813227338582873
   1  2466   G  0.3536978768996435
   1  2467   G  0.3665191162062276
   1  2468   A  0.3343767247296434
   1  2469   G  0.4823078589542888
   1  2470   C  0.5191702637045273
   1  2471   U  0.4170298407769114
   1  2472   U  0.3375998234681676
   1  2473   C 0.34733624084730225
   1  2474   G  0.3705851040693379
   1  2475   G  0.3635869775387236
   1  2476   C 0.25207369680989294
   1  2477   G  0.3690788499393828
   1  2478   C  0.4218847143076812
   1  2479   C   0.459182431661057
   1  2480   A  0.4583956161902802
   1  2481   G  0.3578568582748273
   1  2482   U  0.3986222102514888
   1  2483   G  0.5761376880033571
   1  2484   A  0.5980213370294697
   1  2485   A   0.517525787515741
   1  2486   A 0.45308176847804854
   1  2487   U  0.5061320742935609
   1  2488   A 0.40551570880548493
   1  2489   C   0.305958422701569
   1  2490   C 0.30528837184759994
   1  2491   A  0.3736832697495068
   1  2492   C  0.2929541530507165
   1  2493   U   0.291953274619653
   1  2494   A 0.36739751527121406
   1  2495   C   0.258906856994137
   1  2496   C  0.3383752855709554
   1  2497   U  0.4630619561053371
   1  2498   U  0.4297933954332328
   1  2499   U 0.37072270707181454
   1  2500   A  0.2817902324273956
   1  2501   U 0.19485699584400815
   1  2502   A  0.1272442972628862
   1  2503   G 0.19415406418864323
   1  2504   U 0.23151582926012265
   1  2505   U 0.34726243850098976
   1  2506   U  0.3953711065331231
   1  2507   C  0.3509786622526507
   1  2508   U  0.3349229274848374
   1  2509   U 0.29423487170936424
   1  2510   U 0.25092696151031313
   1  2511   A 0.22725111712015986
   1  2512   C  0.2443016057590616
   1  2513   U  0.1884705837230185
   1  2595   A 0.40551429798382693
   1  2596   U  0.4359266408577051
   1  2597   U 0.32383328382013404
   1  2598   G  0.5481486603055683
   1  2599   U  0.6584789548052186
   1  2600   C  0.5559146504189694
   1  2601   A  0.6033899532205895
   1  2602   G  0.5256223593078426
   1  2603   G  0.5860732476264989
   1  2604   U   0.701399023986192
   1  2605   G  0.7754658526784445
   1  2606   G  0.7205075924454192
   1  2607   G   0.781081596425246
   1  2608   G  0.7753883035584317
   1  2609   A  0.8045755016846606
   1  2610   G  0.7388225023820593
   1  2611   U  0.5278491196247898
   1  2802   A  0.7211990485715226
   1  2803   A  0.8316973021579687
   1  2804   A  0.8338955038409185
   1  2805   G  0.8327043373686139
   1  2806   U  0.8173335449999184
   1  2807   U  0.7418175978248825
   1  2808   A  0.7208007917897717
   1  2809   C  0.7900488739828231
   1  2810   C  0.8039443959149828
   1  2811   A  0.8064213486875522
   1  2812   C  0.7971037718323196
   1  2813   A  0.8098879439831862
   1  2814   G  0.8384797321855073
   1  2815   G  0.8475170571919174
   1  2816   G  0.8306117835597029
   1  2817   A    0.79992409523075
   1  2818   U  0.7773135010921781
   1  2819   A  0.5886202826656262
   1  2820   A 0.36173771984797515
   1  2821   C  0.2778677413896861
   1  2822   U  0.7260835647078635
   1  2823   G  0.8719861091961011
   1  2824   G  0.8840181453837009
   1  2825   C   0.830345105639755
   1  2826   U  0.8311686846011592
   1  2827   U  0.8580382288613922
   1  2828   G  0.8311223366124951
   1  2829   U  0.8511786691291896
   1  2830   G  0.8334524029438095
   1  2831   G  0.8529666719531365
   1  2832   C  0.8492021549798794
   1  2833   A  0.8649503427322048
   1  2834   G  0.8502598889654515
   1  2835   U  0.8183389919723097
   1  2836   C  0.7086012395247779
   1  2837   A  0.6434142688467819
   1  2838   A 0.46451370690336213
   1  2839   G  0.6999009610981732
   1  2840   C   0.801925067136573
   1  2841   G  0.6226551067550246
   1  2842   U 0.32856936479902066
   1  2843   U 0.19357232424847304
   1  2844   C 0.44602570889094423
   1  2845   A  0.2872745712663812
   1  2846   U 0.21645167922585043
   1  2847   A 0.27583631352490473
   1  2848   G  0.6480235672754157
   1  2849   C  0.8187282163318732
   1  2850   G  0.7311326790372618
   1  2851   A  0.7781605169905249
   1  2852   C  0.7255760337530521
   1  2853   A  0.7843605612239996
   1  2854   U   0.850321333522475
   1  2855   U   0.872771835871341
   1  2856   G  0.8576338896527073
   1  2857   C   0.850936641043447
   1  2858   U  0.7824749914243755
   1  2882   U  0.7895681642998393
   1  2883   U    0.86763547740354
   1  2884   C  0.8772364154086557
   1  2885   C  0.8921301756493389
   1  2886   U   0.872578570183439
   1  2887   A  0.8622647951543452
   1  2888   U  0.8686864527277575
   1  2889   C  0.8967735023380158
   1  2890   A  0.8893491137356161
   1  2891   U  0.8655276805544758
   1  2892   A  0.8752896252330032
   1  2893   C  0.8769352965392615
   1  2894   C  0.8490161819105195
   1  2895   G  0.8475828055220131
   1  2896   A  0.8334289815382304
   1  2897   A  0.8373578333146566
   1  2898   G   0.767919092213859
   1  2899   C  0.8382860840035383
   1  2900   A  0.8436659976702338
   1  2901   G  0.8222538266391629
   1  2902   A   0.807151937627794
   1  2903   A  0.8067742249164007
   1  2904   U  0.8159830132770329
   1  2905   U  0.8445534249189366
   1  2906   C   0.853408369492597
   1  2907   G  0.8411336962240693
   1  2908   G  0.8622877955572728
   1  2909   U  0.8952430524785601
   1  2910   A  0.8836632457572288
   1  2911   A  0.8673139795886234
   1  2912   G   0.875102885925193
   1  2913   C   0.866704931571462
   1  2914   G  0.8885854744908381
   1  2915   U  0.8584523472247683
   1  2916   U  0.6807410151548798
   1  2917   G   0.751327800160792
   1  2918   G  0.7268138575570267
   1  2919   A  0.5681683066607444
   1  2927   C  0.5423635429966163
   1  2928   C   0.654880758666041
   1  2929   C  0.7054823991873085
   1  2930   A  0.7354470724591151
   1  2931   C   0.789534364713546
   1  2932   U  0.8307003801423718
   1  2933   A  0.8384556848519122
   1  2934   A  0.8814352188072172
   1  2935   U   0.728302952858655
   1  2936   A  0.8082086642614844
   1  2937   G  0.8928641970871497
   1  2938   G   0.890750601459021
   1  2939   G  0.8975772815180344
   1  2940   A  0.8656894532487268
   1  2941   A 0.43479762710521613
   1  2942   C  0.3180938731494637
   1  2943   G   0.488867089976412
   1  2957   G  0.7084184868853736
   1  2958   A  0.7743484927928914
   1  2959   C  0.7539151726937127
   1  2960   C  0.7978718836451281
   1  2961   G   0.802787746566099
   1  2962   U  0.8056641117120394
   1  2963   C  0.8146532054007204
   1  2964   G  0.8122710064661491
   1  2965   U  0.8320440654357559
   1  2966   G  0.7711197107210707
   1  2967   A  0.8320984099218762
   1  2968   G  0.8584708086578311
   1  2969   A  0.8208661180448051
   1  2970   C  0.6331363864335464
   1  2971   A  0.2592682217757392
   1  2972   G  0.6254706725961748
   1  2973   G  0.7478986925954886
   1  2974   U  0.7741700782428839
   1  2975   U  0.8184041471516733
   1  2976   A  0.7219963999438566
   1  2977   G   0.572096231653659
   1  2978   U  0.6413225067413149
   1  2979   U 0.32950138036134996
   1  2980   U  0.2190514516258537
   1  2981   U  0.2583931420877134
   1  2982   A  0.4435113576894496
   1  2983   C  0.5335504182778873
   1  2984   C  0.6237265904991343
   1  2985   C  0.7766851589044957
   1  2986   U  0.8186011786595178
   1  2987   A  0.8467811340738618
   1  2988   C  0.8404374277148338
   1  2989   U  0.8597933428218155
   1  2990   G  0.8273311208161241
   1  2991   A  0.8348280619358363
   1  2992   U   0.865756913474211
   1  2993   G  0.8836939158256227
   1  2994   A  0.8643660193191048
   1  2995   A  0.7628848658066452
   1  2996   U  0.6367625150025856
   1  2997   G  0.7614447866061866
   1  2998   U  0.8128840732840539
   1  2999   U   0.826018209012501
   1  3000   A  0.8484702502630036
   1  3001   C  0.8592209829595984
   1  3002   C  0.8693944974571249
   1  3003   G  0.8619247607818682
   1  3004   C  0.8548171780756854
   1  3005   A  0.8914875715866906
   1  3006   A  0.8820805777164786
   1  3007   U  0.8637718114868131
   1  3008   A   0.864270586544045
   1  3009   G  0.8199140192274397
   1  3010   U   0.852138696881876
   1  3011   A  0.8535154718233401
   1  3012   A  0.8723404532453207
   1  3013   U  0.8234061142789522
   1  3014   U  0.8348530289449465
   1  3015   G  0.8509889589537138
   1  3016   A  0.8449864906702873
   1  3017   A  0.8386670690855913
   1  3018   C  0.8388878371161123
   1  3019   U   0.817754345515245
   1  3020   U  0.8133097850638428
   1  3021   A  0.8236654941292617
   1  3022   G   0.824788414020774
   1  3023   U   0.834481075940732
   1  3024   A  0.8021647846942617
   1  3025   C  0.8239016901463705
   1  3026   G  0.7506509763476475
   1  3027   A  0.7941395779346646
   1  3028   G  0.8166196192194083
   1  3029   A  0.8099682611637957
   1  3030   G  0.8049555736539786
   1  3031   G  0.8323691915477115
   1  3032   A  0.8149684185281898
   1  3033   A  0.8262039309333666
   1  3034   C  0.8067416477674019
   1  3035   A  0.8323424844550757
   1  3036   G  0.8442328808885065
   1  3037   U   0.820207871628303
   1  3038   U  0.7988348403768141
   1  3039   C   0.807270271359139
   1  3040   A  0.8029297099234578
   1  3041   U  0.8323648190076954
   1  3042   U   0.854931404851329
   1  3043   C  0.8615943683283549
   1  3044   G  0.8775508186591613
   1  3045   G  0.8768455327682814
   1  3046   A  0.8679462655046758
   1  3047   U  0.8148510960617611
   1  3048   A  0.8178505021121556
   1  3049   A   0.791767594050634
   1  3050   U  0.8008436594901379
   1  3051   U  0.8410407453297359
   1  3052   G  0.8702191006384218
   1  3053   G  0.8331795904037078
   1  3054   U  0.8207154720289234
   1  3055   U  0.6337771978106694
   1  3056   U  0.2775966525574525
   1  3057   U  0.5561878985220283
   1  3058   U 0.46449979262336916
   1  3059   G  0.8350045541310044
   1  3060   C   0.844489270374986
   1  3061   G  0.8251271157132779
   1  3062   G  0.8167533382612508
   1  3063   C  0.7991905516309368
   1  3064   U  0.7294735758204625
   1  3065   G  0.7220743750669557
   1  3066   U  0.6972251909950632
   1  3067   C  0.7520781168311698
   1  3068   U  0.7455359951782362
   1  3069   G  0.7426917805021879
   1  3070   A  0.7500417195942578
   1  3071   U  0.7540266063547784
   1  3072   C  0.7375188542347241
   1  3073   A  0.7422951009937003
   1  3074   G   0.794563323680183
   1  3075   G  0.8373349250190815
   1  3076   C  0.8235682189698899
   1  3077   A  0.6770256241600788
   1  3078   U  0.3603904494341207
   1  3079   U  0.3050413905275378
   1  3080   G  0.7202092536714523
   1  3081   C  0.7926370255316281
   1  3082   C   0.832763903414005
   1  3083   G  0.8505222218965541
   1  3084   C  0.8472485151587477
   1  3085   G  0.8388499518798369
   1  3086   A   0.825095382910129
   1  3087   A  0.7804887675566003
   1  3088   G  0.8332584887374008
   1  3089   C  0.8291153830961734
   1  3090   U  0.8392156317084377
   1  3091   A  0.7675245227682795
   1  3092   C 0.43748985207815816
   1  3093   C  0.6010729105625056
   1  3094   A  0.8430004867600476
   1  3095   U  0.8582913286374477
   1  3096   C  0.8736070684001276
   1  3097   C  0.8609923291421222
   1  3098   G  0.8879223949533795
   1  3099   C  0.8503166843446044
   1  3100   U  0.8168576025812537
   1  3101   G  0.8602483038022223
   1  3102   G  0.8433829401567113
   1  3103   A  0.8723775058646084
   1  3104   U  0.8936189195484995
   1  3105   U  0.8856253794818888
   1  3106   A  0.8635568324758391
   1  3107   U  0.8820757913589338
   1  3108   G  0.9027217633641164
   1  3109   G  0.8880025941823502
   1  3110   C  0.8929554283048565
   1  3111   U  0.8902724176386643
   1  3112   G  0.8500901328465729
   1  3113   A  0.8558887383391425
   1  3114   A  0.8689101527785971
   1  3115   C  0.8518415776949748
   1  3116   G  0.8371770159910474
   1  3117   C  0.7913163789897055
   1  3118   C  0.8445536539720466
   1  3119   U  0.8584049678661371
   1  3120   C  0.8561321042521122
   1  3121   U  0.8676364517126046
   1  3122   A    0.86481901007497
   1  3123   A  0.8560546383418424
   1  3124   G  0.8800601004163006
   1  3125   U  0.8887245279122193
   1  3126   C   0.900099040730349
   1  3127   A  0.8845915817510296
   1  3128   G  0.8811538141086616
   1  3129   A  0.8728777178518751
   1  3130   A  0.8637814685363042
   1  3131   U   0.884441918553692
   1  3132   C  0.9047891559066207
   1  3133   C  0.8948347755915699
   1  3134   A  0.8946929310109943
   1  3135   U  0.8554839553505977
   1  3136   G  0.8431854459842161
   1  3137   C  0.8299862258741038
   1  3138   U  0.8277297693904175
   1  3139   A  0.8575154098727046
   1  3140   G  0.8748735639015319
   1  3141   A  0.8571565795124412
   1  3142   A  0.8494849196051507
   1  3143   C  0.8136200338611272
   1  3144   G  0.8938189168530902
   1  3145   C  0.8940878541274685
   1  3146   G  0.8746023597452162
   1  3147   G  0.8311954046587551
   1  3148   U  0.8397455877631618
   1  3149   G  0.8184728814050981
   1  3150   A  0.8170297409690417
   1  3151   U  0.8418974121383644
   1  3152   U  0.8031739009661613
   1  3153   U  0.5248765523191694
   1  3154   C  0.2880270215169189
   1  3155   U 0.10274910587322769
   1  3156   U  0.3114507966491328
   1  3157   U 0.33339429855143815
   1  3158   G  0.7092840999287862
   1  3159   C  0.7419631556742271
   1  3160   U  0.7415641080192573
   1  3161   C  0.7348775143694131
   1  3162   C  0.7048528740886825
   1  3163   A  0.6356669991114108
   1  3164   C  0.5507301164535341
   1  3165   A    0.57394755178631
   1  3166   C   0.616175992721286
   1  3167   A  0.7262977023843166
   1  3168   A  0.7423113581334567
   1  3169   U   0.768698486832393
   1  3170   A  0.6712538411319517
   1  3171   U  0.7591007283899519
   1  3172   A  0.8391851701760851
   1  3173   G  0.8382448608329235
   1  3174   A  0.8005711009827396
   1  3175   U  0.7814770038005836
   1  3176   G  0.8170841955363043
   1  3177   G  0.8685237313064654
   1  3178   A  0.8526118649995954
   1  3179   U  0.8598144814215357
   1  3180   A  0.8332584238361103
   1  3181   C  0.7680674785241715
   1  3182   G  0.8539010422264116
   1  3183   A  0.8549336419372473
   1  3184   A  0.8507141295167475
   1  3185   U  0.8519430465301312
   1  3186   A  0.8497878699999565
   1  3187   A  0.8490207573409173
   1  3188   G  0.8664127970798016
   1  3189   G  0.8928335940596838
   1  3190   C  0.8508500871216886
   1  3191   G  0.8432263900029068
   1  3192   U  0.8283101763291152
   1  3193   C  0.8527949655884915
   1  3194   C  0.7620104218834968
   1  3195   U  0.6176037005539226
   1  3196   U  0.6622660256043876
   1  3197   G  0.7415631985263813
   1  3198   U  0.7833526720260698
   1  3199   G  0.8501655539098915
   1  3200   G   0.875626986976704
   1  3201   C  0.8761472719300607
   1  3202   G    0.87700753554781
   1  3203   U  0.8428807991152043
   1  3204   C  0.8431451839212906
   1  3205   G  0.8612643984132473
   1  3206   C   0.834907325185313
   1  3207   U  0.7553080960787666
   1  3208   G  0.8171612754327272
   1  3209   A  0.7402071996602013
   1  3210   A  0.8648130767106167
   1  3211   C  0.8391661707990914
   1  3212   C   0.822057462356005
   1  3213   A  0.8255871268053816
   1  3214   U   0.834810112036064
   1  3215   A  0.8359989198977131
   1  3216   G  0.8143324601759551
   1  3217   C  0.7976072416105614
   1  3218   A  0.8175490300241557
   1  3219   G  0.7550602857712742
   1  3220   G  0.7842815449983809
   1  3221   C  0.8081204007914252
   1  3222   U  0.7775667787394565
   1  3223   A  0.8056753185179328
   1  3224   G  0.8171102259617151
   1  3225   C  0.8044920823009104
   1  3226   A   0.794020048871808
   1  3227   A  0.7828305837569561
   1  3228   C    0.71000270207896
   1  3229   G  0.7234347475804764
   1  3230   G  0.8072212612647077
   1  3231   U  0.7915349219396021
   1  3232   G  0.8110083011692584
   1  3233   C  0.8183897371798067
   1  3234   A  0.7533795870913603
   1  3235   C  0.7147003382680974
   1  3236   U  0.7476804206028113
   1  3237   U  0.7732480571647717
   1  3238   G  0.7142918770299569
   1  3239   G  0.7335333407897247
   1  3240   C  0.7817597624596568
   1  3241   G  0.8288394325768982
   1  3242   G  0.8145038203745292
   1  3243   A  0.8466071052921061
   1  3244   A  0.8404451111684911
   1  3245   A  0.8593706921878952
   1  3246   G  0.8323454808663571
   1  3247   G  0.8278609151126569
   1  3248   C   0.777421819256838
   1  3249   C  0.7340068386869312
   1  3250   U   0.723480520172366
   1  3251   U  0.7163327456632227
   1  3252   G  0.7562013420251638
   1  3253   G  0.7163027723131741
   1  3254   G  0.7658711221354222
   1  3255   U  0.7424239030562105
   1  3256   G  0.7454384306995496
   1  3257   C  0.7958485168358419
   1  3258   U  0.7921462578617656
   1  3259   U  0.8095051599338146
   1  3260   G  0.8018529458134017
   1  3261   C   0.815511060376396
   1  3262   U  0.8293330701820647
   1  3263   G  0.8288592910985579
   1  3264   G  0.8470221575779766
   1  3265   C  0.8067411484610693
   1  3266   G  0.7808107537946327
   1  3267   A  0.7681318330451605
   1  3268   A  0.7806679068029717
   1  3269   U  0.7598856907958053
   1  3270   U   0.803005612980986
   1  3271   G   0.822731486838992
   1  3272   C  0.7622792118346323
   1  3273   A   0.804594289520563
   1  3274   A  0.8096841991876503
   1  3275   U  0.8115166473119804
   1  3276   G  0.8234535331669753
   1  3277   U  0.8100410618779046
   1  3278   C  0.7985252558691662
   1  3279   A  0.7692551498848703
   1  3280   U  0.7919045500345646
   1  3281   U  0.7954284608660351
   1  3282   U  0.7798167486170567
   1  3283   U  0.6985015372629751
   1  3284   G    0.70885589687619
   1  3285   C  0.7021805877314969
   1  3286   G  0.6859175473726866
   1  3287   U  0.6399113905149032
   1  3288   G  0.5061035602713274
   1  3289   G  0.5255212184358512
   1  3290   G  0.6569213497571161
   1  3291   G  0.7220374066443795
   1  3292   A  0.7355308274431022
   1  3293   U  0.7497637253000657
   1  3294   A  0.7784234602835476
   1  3295   A  0.7467555017249105
   1  3296   A  0.8019359594373974
   1  3297   U  0.8431487693802576
   1  3298   C  0.8333717916590223
   1  3299   A  0.8357798896401875
   1  3300   U  0.8246404061115777
   1  3301   U  0.8184334744783825
   1  3302   U  0.8201025426468498
   1  3303   G   0.836544253568367
   1  3304   U   0.799910331278299
   1  3305   A  0.8747838807374768
   1  3306   U  0.8457047259932768
   1  3307   A   0.902015681553308
   1  3308   C   0.849391401258962
   1  3309   G  0.8145524581151273
   1  3310   A  0.8505793787657716
   1  3311   C  0.8666193798958914
   1  3312   U  0.8142044205558948
   1  3313   U  0.7555529217172551
   1  3314   A  0.7940233561815025
   1  3315   G  0.8038045573919943
   1  3316   A  0.7384274385244832
   1  3317   U   0.781651862643297
   1  3318   G  0.7087865447874602
   1  3319   U  0.4732222626236086
   1  3320   A   0.736265294071086
   1  3321   C   0.791927720498314
   1  3322   A  0.8311949189385089
   1  3323   A  0.8283366556870994
   1  3324   C  0.8097700123228014
   1  3325   G  0.8075166027817203
   1  3326   G  0.7942609111696043
   1  3327   G  0.7888586544172167
   1  3328   G  0.7722054928946254
   1  3329   U  0.7863128851308644
   1  3330   A  0.8243305389609099
   1  3331   U  0.8087315387091527
   1  3332   U  0.7791554650014435
   1  3333   G  0.7819235636526617
   1  3334   U  0.7476155467727577
   1  3335   A  0.7844312968102161
   1  3336   A  0.7304164204213338
   1  3337   G  0.6814366130497213
   1  3338   C  0.6855505908954869
   1  3339   A  0.7495071896100728
   1  3340   G  0.6101641158577501
   1  3341   U 0.29640296483942746
   1  3342   A 0.44441868398711915
   1  3343   G  0.5126816537883815
   1  3344   A  0.4046270651035981
   1  3345   G  0.4011521915438158
   1  3346   U  0.2488686636485215
   1  3347   A  0.2425645697752483
   1  3348   G 0.21547553376077186
   1  3349   C  0.1912761497139577
   1  3350   C 0.28352296395293347
   1  3356   G  0.2081069172822808
   1  3357   U 0.31029136149691905
   1  3358   U 0.28299182647162746
   1  3359   A 0.37786408366003094
   1  3360   C   0.421832064894274
   1  3361   G  0.5825540994537541
   1  3362   A  0.5037655719711345
   1  3363   U  0.6135717883032263
   1  3364   C  0.7477923255828703
   1  3365   U  0.7499204651433526
   1  3366   G  0.7678861254396615
   1  3367   C  0.7348616269310236
   1  3368   U  0.7859119608809946
   1  3369   G  0.7686710485209667
   1  3370   A  0.8326241113321806
   1  3371   G  0.8009414573233716
   1  3372   A  0.7950881750794301
   1  3373   U  0.8028082423671316
   1  3374   U  0.8156543100370934
   1  3375   A  0.8101272636409762
   1  3376   A  0.8042511298135787
   1  3377   G  0.7421736554490118
   1  3378   C   0.763724943259722
   1  3379   C  0.7957287852980633
   1  3380   U   0.787651201169523
   1  3381   U  0.7411405349730655
   1  3382   U   0.644092894697892
   1  3383   G  0.8053129307688518
   1  3384   U  0.8505893395731976
   1  3385   U  0.8203927506747853
   1  3386   G  0.8187651107028482
   1  3387   U  0.8027009895665221
   1  3388   C  0.7184536135491953
   1  3389   U  0.5014336225889082
   1  3390   G  0.7824294344270846
   1  3391   A  0.8298778929932551
   1  3392   U   0.824974492517644
   1  3393   U  0.8181482847886188
   1  3394   U  0.8091028699211548
   1  3395   G  0.8178893052277888
   1  3396   U  0.7634573829213195
   2     1   A  0.7786488670005509
   2     2   A  0.8188825033152257
   2     3   A  0.8467527667579744
   2     4   C  0.8693654110181035
   2     5   U  0.8756424714438438
   2     6   U  0.8660475650612426
   2     7   U  0.8815946950896374
   2     8   C  0.8855760358241362
   2     9   A  0.8688988981201932
   2    10   A  0.8769227611797236
   2    11   C  0.8607822147991336
   2    12   A  0.8828154167736765
   2    13   A  0.8668722967963762
   2    14   C  0.8870504571304791
   2    15   G  0.9104399097062784
   2    16   G   0.876370438410905
   2    17   A  0.8946746432172932
   2    18   U  0.8831536309582902
   2    19   C  0.8810703522297855
   2    20   U  0.8440347735377486
   2    21   C  0.8038862798427533
   2    22   U  0.8415920666004734
   2    23   U  0.8399802607597568
   2    24   G  0.8910230996358168
   2    25   G  0.8924387471114752
   2    26   U  0.8842302311843178
   2    27   U  0.8756476371601353
   2    28   C  0.8657711465633984
   2    29   U  0.8759686921462678
   2    30   C  0.8653438641977554
   2    31   G   0.865719623327547
   2    32   C    0.86345453667839
   2    33   A  0.8737873114659473
   2    34   U  0.8653320088733645
   2    35   C  0.8884470578461637
   2    36   G  0.8810039292154238
   2    37   A  0.8858667169142392
   2    38   U  0.8668634909321011
   2    39   G  0.8547426860693491
   2    40   A   0.902715949322288
   2    41   A   0.869389387618278
   2    42   G  0.8529344073522233
   2    43   A  0.8977198747209638
   2    44   A   0.926105952722976
   2    45   C  0.9175783503291047
   2    46   G  0.9094047789855777
   2    47   C  0.9123042444924598
   2    48   A  0.8530764565676453
   2    49   G  0.8497904081608915
   2    50   C  0.8149232459623895
   2    51   G  0.7226654804128585
   2    52   A  0.7042383983582055
   2    53   A  0.7729545276049252
   2    54   A  0.8611159398360979
   2    55   U  0.8755577341074958
   2    56   G  0.8914504502681022
   2    57   C  0.8828155961634166
   2    58   G  0.9054787920681345
   2    59   A  0.9088150150448929
   2    60   U  0.8936655319778881
   2    61   A  0.9121436319259654
   2    62   C  0.8582694585993585
   2    63   G   0.798104037516587
   2    64   U  0.8441878368230393
   2    65   A   0.899225007804577
   2    66   A  0.9008828354568644
   2    67   U  0.8998932684796466
   2    68   G  0.9026505326913674
   2    69   U  0.8559541173776443
   2    70   G  0.8469779007749095
   2    71   A  0.8418901838436685
   2    72   A   0.840523191275646
   2    73   U  0.8470135709215995
   2    74   U  0.8568004247766159
   2    75   G  0.8284165646177721
   2    76   C   0.805720344957735
   2    77   A  0.7756192926968105
   2    78   G  0.6904579948629446
   2    79   A  0.4681642701230105
   2    80   A 0.30367305217535073
   2    81   U 0.36474515391053464
   2    82   U 0.40741444650274755
   2    83   C  0.4866649300661512
   2    84   C  0.5683817141602756
   2    85   G  0.7609127209680676
   2    86   U  0.8225066692902435
   2    87   G  0.8627977703631016
   2    88   A  0.8665897704222206
   2    89   A  0.8824969960904225
   2    90   U  0.8320068263115618
   2    91   C   0.848801130648048
   2    92   A  0.8857471496058182
   2    93   U  0.9029634276199435
   2    94   C  0.8831235797543401
   2    95   G  0.8574657740552213
   2    96   A   0.900741045049806
   2    97   A  0.8705115120706799
   2    98   U  0.9096002118765043
   2    99   C  0.8903158683785549
   2   100   U   0.897505027815545
   2   101   U  0.8979070680834639
   2   102   U  0.8982701635574815
   2   103   G  0.9095228972930974
   2   104   A  0.9198193011126903
   2   105   A  0.9089586731962773
   2   106   C  0.8909360339321188
   2   107   G  0.9169829194662118
   2   108   C  0.8894073970914756
   2   109   A  0.8958840083094411
   2   110   C  0.8043926095172041
   2   111   A  0.5613572465972125
   2   112   U 0.37766876631372104
   2   113   U  0.4100313671162938
   2   114   G  0.8296561431639415
   2   115   C   0.877078388921838
   2   116   G   0.893458151352013
   2   117   C  0.9190996490280152
   2   118   C  0.9267038628075968
   2   119   C  0.9211813889332623
   2   120   C   0.911965828583319
   2   121   U  0.9005573662811504
   2   122   U  0.9075323165783702
   2   123   G  0.8053192589714921
   2   124   G  0.8011561786203532
   2   125   U  0.7424588657563298
   2   126   A  0.8417005958574642
   2   127   U   0.844006737492685
   2   128   U  0.8699369633797576
   2   129   C   0.866094136375192
   2   130   C   0.900026716110327
   2   131   A  0.8998618947785733
   2   132   G  0.8790783449531071
   2   133   G  0.8953625006304702
   2   134   G  0.8874702081771912
   2   135   G   0.907592683506848
   2   136   G  0.9156861188852174
   2   137   C  0.9149163435220249
   2   138   A  0.9094055762255101
   2   139   U  0.9010159203354904
   2   140   G  0.8512759900854756
   2   141   C  0.8551344619188425
   2   142   C  0.8598342013909355
   2   143   U  0.8416869918730187
   2   144   G  0.8458739709110207
   2   145   U   0.884667841989525
   2   146   U  0.9041518326789211
   2   147   U  0.8967323853872374
   2   148   G  0.9132429941406169
   2   149   A  0.9006364735444459
   2   150   G  0.8633238773153731
   2   151   C   0.802790751383803
   2   152   G   0.854243814493967
   2   153   U   0.840482543833801
   2   154   C  0.8574506177122319
   2   155   A  0.8842422206951465
   2   156   U  0.8723129031548122
   2   157   U  0.8293670361275713
   2   158   U  0.7301039428514586
   6     1   C  0.8004971529754502
   6     2   C  0.7576383799591898
   6     3   U  0.8055296988044554
   6     4   U  0.7882473054585152
   6     5   C  0.7647409055896174
   6     6   U  0.8231528819430567
   6     7   C  0.8167288155597452
   6     8   A  0.8223289801693731
   6     9   A  0.8176016672757778
   6    10   A   0.763030322374104
   6    11   C  0.7581440590909317
   6    12   A  0.7048074752756648
   6    13   U  0.5068469464536587
   6    14   U  0.3458874027571012
   6    15   C  0.5355479552712405
   6    16   U  0.7535738328437586
   6    17   G  0.7970443602036993
   6    18   U  0.8096197662018151
   6    19   U  0.8354048515781366
   6    20   U  0.8217052142535384
   6    21   G  0.8142756496694799
   6    22   G  0.8491946827300292
   6    23   U  0.8051457212843607
   6    24   A  0.8241010835164634
   6    25   G  0.8040845716276819
   6    26   U  0.7830573300433602
   6    27   G  0.8301208131015086
   6    28   A  0.7868921899597849
   6    29   G  0.7656402677333625
   6    30   U   0.748822507573631
   6    31   G   0.774734038751873
   6    32   A  0.7848951341911905
   6    33   U  0.7530674839360103
   6    34   A  0.7244606751908353
   6    35   C  0.6721456840649191
   6    36   U  0.7135881076875382
   6    37   C  0.7365350895160506
   6    38   U  0.7082488407603389
   6    39   U  0.6805616813669817
   6    40   U  0.6557057027407787
   6    41   G  0.6832412544974549
   6    42   G  0.7136880227845643
   6    43   A  0.7760110593383162
   6    44   G  0.7665414584575881
   6    45   U  0.7514255361109601
   6    46   U  0.7685201078222623
   6    47   A  0.7642423719207927
   6    48   A  0.7910449909225008
   6    49   C  0.8292281408809482
   6    50   U  0.8287309126467209
   6    51   U  0.8044700552751721
   6    52   G  0.7830133721800675
   6    53   A  0.7762611915608915
   6    54   A  0.8336640032781554
   6    55   A  0.8123516514507556
   6    56   U  0.6813761787524656
   6    57   U  0.6889461619954996
   6    58   G  0.7249558039519804
   6    59   C  0.6132739089022943
   6    60   U   0.626043834520054
   6    61   G  0.6331008279930669
   6    62   G  0.7716033070677972
   6    63   C  0.7389413709466468
   6    64   C  0.7109507897694182
   6    65   U  0.6361757987050983
   6    66   U 0.28576836135760975
   6    67   U 0.24666154150377181
   6   213   A   0.617637275876423
   6   214   G  0.8104659669194826
   6   215   G   0.837060082548212
   6   216   C  0.8434436054436838
   6   217   G   0.764748095151366
   6   218   A  0.7476029037015223
   6   219   A  0.8021191667504872
   6   220   C  0.5526065293531108
   6   221   A   0.752024706941319
   6   222   A   0.818246469444995
   6   223   U  0.7867505077369676
   6   224   G  0.6859557955035582
   6   225   U  0.7594213559113464
   6   226   U  0.7352974656564583
   6   227   C  0.7707446749804476
   6   228   U   0.776246805442834
   6   229   U  0.8457518722149828
   6   230   A  0.8010693281881845
   6   231   A  0.8539569194281692
   6   232   A  0.8803039549992819
   j   100  ZN  0.5340590451544576
   g   201  ZN 0.49621849081422803

CC per chain
   1  0.8052473902973081
   2  0.8377365771727768
   6  0.7563347805617352
   j  0.5340590451544576
   g 0.49621849081422803
