CC per residue
   1     4   U  0.2992393533019351
   1     5   A  0.6718021038009111
   1     6   A  0.7802456419784449
   1     7   G  0.8409667254894452
   1     8   U  0.7983066348403299
   1     9   U   0.738791396659589
   1    10   A  0.7036187631335605
   1    11   U  0.6365416086730448
   1    12   U  0.6429079986690049
   1    13   A  0.8052146239793668
   1    14   A  0.8150595440747325
   1    15   G  0.8300824609683978
   1    16   G  0.8633092251367026
   1    17   G  0.8984605718154165
   1    18   C   0.891627400003091
   1    19   G  0.8695160333263278
   1    20   C  0.8411439905847338
   1    21   A  0.8171971521060076
   1    22   C  0.7797702168393681
   1    23   G  0.8095710453566867
   1    24   G  0.8571581504160264
   1    25   U  0.8643329404469658
   1    26   G  0.8800034535388981
   1    27   G   0.832684647240283
   1    28   A  0.8615108353246014
   1    29   U   0.885657448498683
   1    30   G   0.882686354642052
   1    31   C   0.872382849319015
   1    32   C  0.8550599437752994
   1    33   U  0.7993567231832175
   1    34   U  0.5783061001257115
   1    35   G   0.834362416348655
   1    36   G  0.8589013619320855
   1    37   C  0.8552813606877663
   1    38   A  0.8710160995038668
   1    39   C  0.8415034789931426
   1    40   U  0.8034086047178991
   1    41   A   0.762389008433263
   1    42   G  0.6770041054646906
   1    43   A  0.5973966755088476
   1    44   A  0.6047387765959024
   1    45   G  0.7793394876107353
   1    46   C  0.7978497353509434
   1    47   C  0.8036454827736949
   1    48   G   0.843777446149266
   1    49   A  0.8626610956391713
   1    50   U  0.7680072403584383
   1    51   G  0.8315851169959649
   1    52   A  0.8402408894840452
   1    53   A  0.8236696908473142
   1    54   G  0.8033826158218157
   1    55   G  0.8582657157892769
   1    56   A  0.8798528899371295
   1    57   C   0.858305404594764
   1    58   G  0.8697320437059619
   1    59   U  0.8524921119003399
   1    60   U  0.7554997429939512
   1    61   A  0.6939146672489709
   1    62   C   0.533328934402376
   1    63   U  0.4010109988122475
   1    64   A  0.4551985742995604
   1    65   A  0.6440168982896074
   1    66   C  0.6719284281369973
   1    67   G  0.7038602327341964
   1    68   A  0.7938758181523692
   1    69   C  0.8642438155020743
   1    70   G  0.8851336430732589
   1    71   A  0.8512670912750246
   1    72   U  0.8220903318000246
   1    73   A  0.8751046276385461
   1    74   U  0.7871860932504701
   1    75   G  0.7986772212289348
   1    76   C  0.8064616949081008
   1    77   U  0.7690261819988604
   1    78   U  0.7564307556289355
   1    79   U  0.7488724748416596
   1    80   G  0.7509549387494625
   1    81   G   0.747798035775958
   1    82   G  0.7486014046324456
   1    83   G  0.6722461057930748
   1    84   A  0.7071341421381221
   1    85   G  0.7369945691352123
   1    86   C  0.7998361515115426
   1    87   U  0.6609881016666965
   1    88   G  0.6346245840985828
   1    89   U  0.5350812825118603
   1    90   A 0.32511738433006065
   1    91   A 0.24038325218384837
   1    92   G 0.41375990093352755
   1    93   U   0.525679385294011
   1    94   A  0.6007855119111466
   1    95   A  0.6995116912173578
   1    96   G  0.7298336457512609
   1    97   C  0.7197391311237015
   1    98   U  0.6966452706121746
   1    99   U  0.6486532726764792
   1   100   U  0.4361943220947017
   1   101   G  0.6308408140773001
   1   102   A  0.6675747615799338
   1   103   U  0.7342830567990708
   1   104   C   0.757315481877055
   1   105   C  0.7800395042643604
   1   106   A  0.8055481245137991
   1   107   G  0.7206999080795123
   1   108   A  0.7258925441731789
   1   109   G  0.7449764681072145
   1   110   A  0.8255951998242922
   1   111   U  0.8361031145848907
   1   112   U  0.7997506061327283
   1   113   U  0.8122891935361934
   1   114   C  0.8345189961753131
   1   115   C  0.8853203651438849
   1   116   G  0.8957142996696914
   1   117   A  0.8845969291702412
   1   118   A  0.8843056155339953
   1   119   U  0.8242794804637417
   1   120   G  0.8630520774834268
   1   121   G  0.8559062086491797
   1   122   G  0.8770046544679158
   1   123   G  0.8591567521638903
   1   124   A  0.8161880662997604
   1   125   A  0.7558171470878544
   1   126   A  0.8283146690271602
   1   127   C  0.8476780668255578
   1   128   C  0.8512047326361073
   1   129   C  0.8781209932584629
   1   130   A  0.8213845868906501
   1   131   G  0.7863431441381539
   1   132   C  0.7589362647514979
   1   133   A  0.7085991437223825
   1   134   U  0.6391320656993852
   1   135   G  0.6653117992912901
   1   136   A  0.5388373422938472
   1   137   G  0.5584010705656277
   1   138   U  0.5849877816195473
   1   139   U   0.571699521354959
   1   140   A  0.7121759907922366
   1   141   U  0.6957351831111984
   1   142   G  0.7135067526436839
   1   143   U  0.7592151842781087
   1   144   C  0.7991881491258993
   1   145   A   0.741568969388747
   1   146   U   0.674447967148793
   1   147   G  0.7143526737822077
   1   148   U  0.7510495979860585
   1   149   U  0.7647705052460808
   1   150   A  0.8074955106797883
   1   151   U  0.7811172400284843
   1   152   C  0.7542915738890723
   1   153   G  0.6652857218791571
   1   154   A  0.6004856111417624
   1   155   U  0.5245408390360904
   1   156   A 0.48790301480568027
   1   157   U   0.474018811225726
   1   158   G 0.40813139940835247
   1   159   U 0.30117370154273104
   1   160   G 0.18368711727561857
   1   161   A  0.4038814233574346
   1   162   A  0.6745264287743113
   1   163   U  0.5883769917561755
   1   164   A 0.20923287596645396
   1   165   C 0.24535036549400677
   1   166   A 0.46313344434695597
   1   167   U 0.30223626204590975
   1   168   A   0.492445578709913
   1   169   G  0.5686489067078248
   1   170   C  0.6330611646531652
   1   171   A  0.6505935085300087
   1   172   U  0.5556093046457036
   1   173   A    0.57419990595951
   1   174   U  0.5091280507458247
   1   175   C  0.5405169800353038
   1   176   A 0.33939171094612863
   1   177   G  0.6852703981745383
   1   178   A  0.7943710305890386
   1   179   A  0.8174911664882013
   1   180   G  0.8385468334098799
   1   181   G  0.8330908669614085
   1   182   C  0.4789926242559689
   1   183   A  0.6706435144473887
   1   184   C   0.283151669421171
   1   185   A  0.7484816980785717
   1   186   C  0.8349401445403268
   1   187   C  0.8589828392051904
   1   188   C  0.8250118481243383
   1   189   G  0.8374575703539567
   1   190   G  0.8759816057375469
   1   191   A  0.8893251163130881
   1   192   G  0.8813913173237617
   1   193   A  0.8917249779344752
   1   194   A    0.91149868558273
   1   195   C  0.8940869289877917
   1   196   U  0.8757785879412155
   1   197   G   0.876167206979514
   1   198   A  0.8570771048593178
   1   199   A  0.8558744453737422
   1   200   A  0.8768414806837052
   1   201   C  0.8766428265405596
   1   202   A  0.8552555368541841
   1   203   U  0.8669631183423483
   1   204   C  0.8793757273826841
   1   205   U   0.833899899032685
   1   206   U  0.8205377800106715
   1   207   A  0.8483003469044053
   1   208   G  0.8088711991256542
   1   209   U  0.8260047012230631
   1   210   A   0.869711429135856
   1   211   C  0.8645586486380076
   1   212   C   0.876185658382007
   1   213   C  0.8067392197214583
   1   214   G  0.7643324471543803
   1   215   G  0.7939156561961734
   1   216   A  0.7637040759215639
   1   217   G  0.8210263180545747
   1   218   G  0.8048638017376742
   1   219   A  0.8447279839154764
   1   220   A  0.8633287835407824
   1   221   G  0.8199245588988417
   1   222   A  0.8012332174831147
   1   223   G  0.8400128770239141
   1   224   A  0.8514799159164257
   1   225   A  0.8589166978708216
   1   226   A  0.8575433239642228
   1   227   G  0.8402027574960584
   1   228   A  0.8487330759973793
   1   229   A  0.8094241193245116
   1   230   A   0.777098575071564
   1   231   A  0.6300371641601082
   1   232   U 0.39283524454761165
   1   233   U  0.6919006024123369
   1   234   C  0.7088869030144698
   1   235   G  0.7355793643192913
   1   236   A  0.8326414240930894
   1   237   U  0.8373451626264465
   1   238   U  0.8456110738155004
   1   239   C  0.8592681807918876
   1   240   C  0.8627330642242997
   1   241   C  0.8598866494469509
   1   242   U  0.8571600593778349
   1   243   U   0.863237463029694
   1   244   A  0.8695183311632262
   1   245   G   0.859364466365398
   1   246   U  0.8579359364213344
   1   247   A  0.8141725593066821
   1   248   G  0.8544535741996583
   1   249   C  0.8654719361963502
   1   250   G  0.8699854956358384
   1   251   G  0.8928395700604763
   1   252   C  0.7659044376617749
   1   253   G  0.8359172393875273
   1   254   A  0.8401358154927774
   1   255   G  0.8456857651660099
   1   256   C  0.8487497690823798
   1   257   G  0.8781725589410297
   1   258   A  0.8808346466125723
   1   259   A  0.8631036308608391
   1   260   A  0.8634807160435722
   1   261   C  0.8234828275233471
   1   262   G  0.8221493813026883
   1   263   G  0.8563318200948898
   1   264   G   0.878424938833572
   1   265   A  0.8728722834068263
   1   266   A  0.8465348916704728
   1   267   G  0.7858940028647405
   1   268   A  0.6540458213064972
   1   269   G  0.7772433557181231
   1   270   C  0.7567092282322433
   1   271   C  0.7634355573426946
   1   272   C  0.7122553288529816
   1   273   A  0.7235192192250424
   1   274   A  0.7168002439336888
   1   275   A  0.7249104390681177
   1   276   C  0.5884459726859481
   1   277   C  0.4844437994411801
   1   278   A  0.3643401416021278
   1   279   A  0.2593687092340084
   1   280   C 0.13165943848412395
   1   291   G0.054016684101642023
   1   292   U 0.03457853296413853
   1   293   U 0.09799130200196553
   1   294   G  0.4517032661819448
   1   295   G  0.5259084452638586
   1   296   G  0.5850156857715201
   1   297   G  0.6890380650912844
   1   298   U  0.7098992221055099
   1   299   U  0.6939947548876564
   1   300   G  0.7460733952831925
   1   301   U 0.37992605372419563
   1   302   A  0.5824817850425232
   1   303   G  0.6600975868193132
   1   304   G  0.6927144833719215
   1   305   A   0.657792346100126
   1   306   C  0.5549562207689042
   1   307   A 0.48826446632157905
   1   308   C 0.31706253250548366
   1   309   U  0.1583744119635265
   1   310   C 0.17734711612147683
   1   311   U  0.1416445780427676
   1   318   A 0.44071127686482253
   1   319   G  0.5875434656895143
   1   320   U 0.48877037463609874
   1   321   U  0.5652136271568504
   1   322   A  0.6594371355350138
   1   323   C  0.6829458076499982
   1   324   A  0.6523665773395777
   1   325   A  0.6786399725796687
   1   326   A  0.5039361746504392
   1   327   G  0.2926559957492136
   1   328   G  0.3517920833762788
   1   329   A  0.4219093672790574
   1   330   C 0.28541745729288487
   1   331   G  0.3374129507050321
   1   332   A  0.4495998012389713
   1   333   C  0.5099089141156476
   1   334   A  0.5917585733122931
   1   335   U  0.6334112952527445
   1   336   U  0.7290715768667493
   1   337   A  0.7554219690753217
   1   338   G  0.7689281192004016
   1   339   A  0.7657103694038642
   1   340   C  0.8054922349640126
   1   341   G  0.8075314100921626
   1   342   A   0.839029034250799
   1   343   A  0.8173600678559644
   1   344   U  0.7838879211619335
   1   345   C  0.7721590452688374
   1   346   A  0.7243284577804376
   1   347   U  0.6951105821311636
   1   348   C  0.7484415371372344
   1   349   U  0.7787331165841619
   1   350   G  0.7136101373161045
   1   351   G  0.8113937276282401
   1   352   A  0.8479888269777666
   1   353   A  0.8025964581870929
   1   354   A   0.851844574973706
   1   355   G  0.8439003211722973
   1   356   A   0.813248707274326
   1   357   U  0.7112760045801735
   1   358   G  0.7041788290670126
   1   359   A  0.6757638361006544
   1   360   A  0.6472590127296839
   1   361   U  0.7211358739824887
   1   362   C  0.8091739819248398
   1   363   A  0.8391672530783824
   1   364   A  0.6929180842910857
   1   365   A  0.8357945353435614
   1   366   G  0.8076192662271829
   1   367   A  0.7586423933094166
   1   368   A   0.762445999929657
   1   369   G  0.7688766521066553
   1   370   G   0.803990701929781
   1   371   U  0.7957397901188373
   1   372   A  0.8221989700534776
   1   373   A  0.7862327151675718
   1   374   U  0.8024327404696074
   1   375   A   0.856184638614466
   1   376   A  0.8296946889172337
   1   377   U  0.8496107741610367
   1   378   C  0.8533724907301474
   1   379   C   0.869543522783673
   1   380   U  0.8417146552189326
   1   381   G  0.8256022712655376
   1   382   U  0.8171811088549578
   1   383   A  0.8122196986292588
   1   384   G  0.7562406034464281
   1   385   U  0.6503643140181172
   1   386   C   0.685231052564555
   1   387   G  0.6974501976987465
   1   388   A  0.6660272106798456
   1   389   A  0.6175154626980327
   1   390   A  0.6603501019351765
   1   391   A  0.6572996732666875
   1   392   U  0.6106632501816746
   1   393   G  0.5615259385999475
   1   394   U  0.5437465029835654
   1   395   U  0.5045454947695394
   1   396   G  0.4494150784129439
   1   397   U 0.43519209885624827
   1   398   C  0.3737378520574288
   1   399   U 0.44414338885526466
   1   400   C 0.44372654754059204
   1   401   U  0.5442589669627557
   1   402   C  0.5464466592379298
   1   403   U  0.4808716985166068
   1   404   U  0.3479045688593025
   1   405   G 0.44574541920989336
   1   406   A  0.2600752924812068
   1   407   G  0.1933034332835119
   1   408   U  0.2471708217196535
   1   409   G  0.3858869168911186
   1   410   G  0.3015058570115346
   1   411   A 0.42244346138620714
   1   412   U  0.4875054374667027
   1   413   C  0.6180183830787598
   1   414   C   0.661371926897814
   1   415   U  0.3265824113703881
   1   416   G    0.62145876825322
   1   417   A  0.7714184766179097
   1   418   G  0.7643081451785694
   1   419   U  0.8185980760768492
   1   420   A   0.818541311405225
   1   421   C   0.846655722362941
   1   422   G  0.8503278490975076
   1   423   A  0.8574577997478826
   1   424   C    0.85630780472264
   1   425   G  0.8632321968425869
   1   426   G   0.873545690644168
   1   427   A  0.8340656500857629
   1   428   G  0.8075588386366267
   1   429   C  0.8259452081576912
   1   430   A  0.8497029737964531
   1   431   C  0.8655268319174462
   1   432   G  0.8472776070488148
   1   433   U  0.7760720471655252
   1   434   G  0.7265168254061474
   1   435   A  0.6790438966830501
   1   436   A  0.7656082705669269
   1   437   A  0.8329597153163295
   1   438   U  0.7599421490826465
   1   439   U  0.6666640448598411
   1   440   C  0.7328407303068212
   1   441   C  0.8424692046026837
   1   442   G  0.8949012162286244
   1   443   U  0.8719712731032876
   1   444   C  0.8620515496879052
   1   445   G  0.8296993631697315
   1   446   G  0.8028086660588984
   1   447   A  0.7889992821875333
   1   448   A  0.7630350356604926
   1   449   U  0.6787349554331757
   1   450   C   0.739880164337786
   1   451   U  0.5399556911131631
   1   452   G  0.7377941684792908
   1   453   G  0.8276366767458851
   1   454   G  0.8800677491788215
   1   455   A  0.8726215907277255
   1   456   G  0.8608153618537224
   1   457   G  0.8073224796600971
   1   458   A  0.8496253056398083
   1   459   C  0.8475195278323694
   1   460   C  0.8700117486495317
   1   461   A  0.8516985003954586
   1   462   U  0.8034203063669847
   1   463   C  0.7977013342895084
   1   464   U  0.8236237766847854
   1   465   C  0.8396774352159819
   1   466   C  0.8601932961262516
   1   467   U  0.8617636208363841
   1   468   A   0.819356952354111
   1   469   A  0.7690817776554189
   1   470   G  0.7253683426325476
   1   471   G  0.7353489049444444
   1   472   C  0.7929613586628558
   1   473   U  0.8336179479781891
   1   474   A  0.8104664574183414
   1   475   A   0.808274696393898
   1   476   A  0.8394660826539427
   1   477   U  0.7987464696680279
   1   478   A  0.8315574483162239
   1   479   C  0.8270074778143257
   1   480   U  0.7701011155392731
   1   481   C  0.6219196486729619
   1   482   U 0.47808769445819704
   1   483   C  0.5507110528657325
   1   484   U  0.7082429467947035
   1   485   A  0.7646469105432112
   1   486   G  0.7837419861223073
   1   487   U  0.8182081195395804
   1   488   G  0.8445737591175464
   1   489   A  0.8400420863569387
   1   490   C  0.8457201575629629
   1   491   C  0.8584061710882126
   1   492   G  0.8309048017988632
   1   493   A  0.8812291161191875
   1   494   U  0.8475852751508844
   1   495   A  0.8910283653529065
   1   496   G  0.8438073230579313
   1   497   U  0.8235221252676199
   1   498   G  0.8606418806633052
   1   499   A  0.8526507072421228
   1   500   A  0.8869576811117187
   1   501   C  0.5458556959863702
   1   502   C  0.5551752826018108
   1   503   A  0.8399805515012806
   1   504   G  0.8416142986765328
   1   505   U  0.8194716704548043
   1   506   A  0.7453756263819523
   1   507   C  0.7870871967682608
   1   508   C  0.8319636872898082
   1   509   G  0.8287122382471089
   1   510   U  0.8814518093600366
   1   511   G  0.8765436768500537
   1   512   A  0.8654818691274728
   1   513   G  0.8565652748808978
   1   514   G  0.8563315004778803
   1   515   G  0.7667201398328518
   1   516   A  0.8631850455335587
   1   517   A  0.8650078414173294
   1   518   A  0.7643053647757926
   1   519   G  0.8324620290301291
   1   520   G  0.8478602874223646
   1   521   U  0.8635589581993038
   1   522   G  0.8464527744639454
   1   523   A  0.8324681368337465
   1   524   A  0.8674453380741902
   1   525   A  0.8524313458381817
   1   526   A  0.8426418092485124
   1   527   G  0.8476620924273837
   1   528   C  0.8348497594456494
   1   529   A  0.7871419038883635
   1   530   C   0.800583300385246
   1   531   C  0.7985435756463036
   1   532   C  0.8235809313782018
   1   533   C  0.8466805272531305
   1   534   G    0.83212437053039
   1   535   G  0.8312827952981937
   1   536   A  0.8349060844064029
   1   537   A  0.8332632925495651
   1   538   G  0.8402160636733954
   1   539   G  0.8476033677234003
   1   540   G  0.8558341563382614
   1   541   G  0.8296404295719467
   1   542   A  0.8106264425359933
   1   543   G  0.8148855722857865
   1   544   U  0.8385868207098165
   1   545   G  0.8365005143032184
   1   546   A  0.8200484522715799
   1   547   A   0.845290070018489
   1   548   A  0.8301439403966694
   1   549   U 0.49235813352654756
   1   550   A  0.8059627356435715
   1   551   G  0.8465881767514467
   1   552   A  0.7187401089714242
   1   553   A  0.5040382509198625
   1   554   C  0.7913723144303999
   1   555   C    0.85683257607853
   1   556   U  0.8335847684087155
   1   557   G  0.8245936224524475
   1   558   A  0.8761130183567002
   1   559   A  0.8994403775629654
   1   560   A  0.8926406910119762
   1   561   C  0.8977936030709897
   1   562   C   0.848449248534134
   1   563   G  0.8577806965869246
   1   564   U  0.8736271929916448
   1   565   G  0.8416704199414723
   1   566   U  0.6995042198036485
   1   567   G  0.7915571150171844
   1   568   C  0.8870326207390409
   1   569   U   0.891763499880743
   1   570   U  0.8694536756827973
   1   571   A  0.8385531834475306
   1   572   C  0.8460174072744892
   1   573   A  0.8422191263889419
   1   574   A  0.8494268569359059
   1   575   G  0.8269281750187059
   1   576   U  0.8559903430913035
   1   577   A  0.8494921696099035
   1   578   G  0.8517308515628502
   1   579   U  0.8683811619760549
   1   580   C  0.8790077175524187
   1   581   A  0.8651616131332271
   1   582   G  0.8622012167697726
   1   583   A  0.8560727266804086
   1   584   G  0.8265647865629528
   1   585   C  0.8313340975843794
   1   586   C   0.838972998941701
   1   587   C  0.8007178945655232
   1   588   G  0.7506330312761259
   1   589   U  0.7742308392986564
   1   590   U  0.7954978925713406
   1   591   A  0.6900031628530388
   1   592   A  0.6685153723736912
   1   593   U  0.5688129594100442
   1   594   G  0.8107671931747029
   1   595   G  0.8687164765845623
   1   596   G  0.8689774153600536
   1   597   U  0.9063158838900506
   1   598   G  0.8415525430170858
   1   599   A  0.8684344089073992
   1   600   U   0.861377455533475
   1   601   G  0.8716101288354517
   1   602   G  0.8749218459165066
   1   603   C  0.8696878657664832
   1   604   G  0.8568816707512915
   1   605   U  0.8532539258132811
   1   606   G  0.8745687269980417
   1   607   C  0.8910003156545366
   1   608   C  0.8974561509191701
   1   609   U  0.8976230784357347
   1   610   U  0.8268161748601036
   1   611   U     0.8737243832157
   1   612   U   0.903304825413526
   1   613   G  0.8710677505859882
   1   614   U  0.8732518642710042
   1   615   A  0.8408684925483523
   1   616   G  0.8444328058066468
   1   617   A  0.8487778618428977
   1   618   A  0.8614224249014181
   1   619   U  0.8544819787891119
   1   620   G  0.8844838871820974
   1   621   A  0.8528245236657036
   1   622   A  0.8883499354950412
   1   623   C   0.890593645386658
   1   624   C  0.9130551136432518
   1   625   G  0.9037631336530385
   1   626   G  0.9049632932164144
   1   627   C  0.8539635652487921
   1   628   G  0.8860357945934734
   1   629   A  0.8765254718637685
   1   630   G   0.817956616316137
   1   631   U  0.8451897473870892
   1   632   U  0.8704407813520016
   1   633   A  0.8555371551054938
   1   634   C  0.8042369536266788
   1   635   G  0.8446751483213694
   1   636   A  0.8762715688626171
   1   637   U  0.8638380503069204
   1   638   U  0.8549548244552533
   1   639   U  0.8214335267674838
   1   640   G  0.8331693504618897
   1   641   A  0.8577861607591961
   1   642   U  0.8290897008275103
   1   643   G  0.8350183061479916
   1   644   C  0.8266634397468028
   1   645   A  0.8220828038405259
   1   646   A  0.8122215772287704
   1   647   G  0.8574381914980659
   1   648   G  0.9033192832690469
   1   649   U  0.8724473326947292
   1   650   U  0.8345227606474572
   1   651   A  0.8787149122843071
   1   652   A  0.8772030785396173
   1   653   G   0.863294302823448
   1   654   C  0.8324851222785599
   1   655   A  0.7945363312975147
   1   656   G  0.7043991086740576
   1   657   U  0.5911908813365538
   1   658   A  0.6967200884870557
   1   659   A  0.5162315355505369
   1   660   A  0.3410347115582705
   1   661   U  0.7633017381687482
   1   662   G  0.8235286205536885
   1   663   U  0.8430047647590849
   1   664   G  0.8655861848521372
   1   665   G  0.8012226626179916
   1   666   A  0.7828859322233173
   1   667   G  0.8587685404355913
   1   668   C  0.8868860999121109
   1   669   C  0.8661350545506398
   1   670   G  0.8611107167528607
   1   671   U  0.8271947964048358
   1   672   A   0.800035605699158
   1   673   G      0.839839608706
   1   674   C   0.897646270995097
   1   675   G  0.8723293701620366
   1   676   A  0.8578755429707875
   1   677   A  0.9063100753707706
   1   678   A  0.8590797162570118
   1   679   G   0.821932567758926
   1   680   C  0.8567667719076141
   1   681   G  0.8577519843141803
   1   682   A  0.7938792068098705
   1   683   G   0.624040005638336
   1   684   U  0.8636926385597335
   1   685   C  0.8942217435914741
   1   686   U   0.871668069415896
   1   687   G  0.7965619219531449
   1   688   A   0.782745022087647
   1   689   A  0.7902721220561587
   1   690   U 0.39742862098054454
   1   691   A  0.7307559471769022
   1   692   G  0.7927346899787847
   1   693   G  0.8595738247385415
   1   694   G  0.8464567014766523
   1   695   C  0.8226614179058039
   1   696   G  0.6458842601883342
   1   697   U  0.7617981580230537
   1   698   U 0.31274087192393685
   1   699   U  0.1349146923339392
   1   700   A  0.6636533738648044
   1   701   G  0.8330981195674859
   1   702   U  0.8869026507707373
   1   703   A  0.8935385335446725
   1   704   U  0.8711877901777305
   1   705   U  0.8510095941573451
   1   706   U  0.8233329559764155
   1   707   G  0.8631638679193484
   1   708   G  0.8768082224596508
   1   709   U  0.8846611878567789
   1   710   C  0.8741509206438363
   1   711   G  0.8854416262970911
   1   712   U   0.838232477914622
   1   713   A  0.8310870301543533
   1   714   G  0.8127471268069411
   1   715   A  0.8556964392892216
   1   716   C  0.8794661192398413
   1   717   C  0.9011405252485227
   1   718   C  0.8740475230964793
   1   719   G  0.8762428395301177
   1   720   A  0.8487698419753302
   1   721   A  0.7956340899934891
   1   722   A  0.8765294240001097
   1   723   C  0.8828996983125604
   1   724   C  0.8983176742224576
   1   725   A  0.8964515619820433
   1   726   G  0.8678645296880294
   1   727   G  0.8555935001103783
   1   728   U  0.8926116267086163
   1   729   G  0.8938743929583884
   1   730   A  0.8796403471499223
   1   731   U  0.8072005237494536
   1   732   C  0.8399003758274142
   1   733   U  0.8600124186293622
   1   734   A  0.8801977445829722
   1   735   C  0.8835250726683789
   1   736   C  0.8931105278552922
   1   737   C  0.8938829650993358
   1   738   U  0.9000573489043968
   1   739   U  0.8948972178580833
   1   740   G  0.8810865912337806
   1   741   G  0.8818773033735751
   1   742   U  0.8741314922594431
   1   743   C   0.868447653022406
   1   744   A  0.8164286325311346
   1   745   G    0.83002570754815
   1   746   G  0.8354219855296869
   1   747   U  0.8089896832629723
   1   748   U  0.8086365778942047
   1   749   G   0.804632581092853
   1   750   A  0.8307107215558641
   1   751   A  0.8169987749887522
   1   752   G  0.7472013654393608
   1   753   U  0.6438081630351868
   1   754   U  0.5436460176982293
   1   755   C  0.4692379917256886
   1   756   A  0.4236216124023495
   1   757   G 0.33695479408850787
   1   758   G 0.33466074322962636
   1   759   U  0.3122308555007669
   1   760   A  0.4926786292203443
   1   761   A  0.4156197707120636
   1   762   C   0.362219208091416
   1   763   A 0.37596897458588063
   1   764   C 0.40678282020311485
   1   765   U 0.47776781188467293
   1   766   G   0.513293941586177
   1   767   A  0.5380963452212263
   1   768   A  0.5677068717330254
   1   769   U  0.6999301553859724
   1   770   G  0.7776707153194862
   1   771   G  0.8004663191800414
   1   772   A  0.8295569432144809
   1   773   G  0.8649362641982744
   1   774   G  0.8599888226489479
   1   775   A  0.8383871421451848
   1   776   C  0.8372543165510064
   1   777   C   0.863726695295901
   1   778   G  0.8180348249971905
   1   779   A  0.8685613188599586
   1   780   A  0.8724140286316112
   1   781   C  0.8554468423385895
   1   782   C  0.8397234033890181
   1   783   G  0.8527395783749583
   1   784   A  0.8349210727944277
   1   785   C   0.836283490861404
   1   786   U  0.8412076682020712
   1   787   U  0.8711429950714195
   1   788   A  0.8778193874396024
   1   789   C  0.8597648887352385
   1   790   G  0.8550365083154524
   1   791   U  0.7271527106846573
   1   792   U  0.7606212054376299
   1   793   G  0.7630062482642582
   1   794   A  0.8592804075411565
   1   795   A  0.8795805921164005
   1   796   A  0.7343626387079882
   1   797   A  0.7967854847026703
   1   798   G  0.8679314226804221
   1   799   U  0.8627970843846988
   1   800   G  0.8646364586965168
   1   801   A  0.8368450855601314
   1   802   G  0.8178174930838951
   1   803   C  0.8686465321391349
   1   804   G  0.8826017455885278
   1   805   G  0.8715362862996772
   1   806   A  0.8343817984446203
   1   807   U  0.8801445995758984
   1   808   G  0.8903706830545175
   1   809   A  0.8053274035354254
   1   810   A  0.8722275727719422
   1   811   C  0.8653440658004733
   1   812   U   0.871380939598556
   1   813   G  0.8865213962970138
   1   814   A  0.8899736910162261
   1   815   G  0.8788145088417121
   1   816   G  0.8765802690547772
   1   817   G  0.8904980992512852
   1   818   U   0.878426973071366
   1   819   A  0.8664275874371503
   1   820   G  0.8680567063689696
   1   821   C  0.7477724168890049
   1   822   G  0.8602283306498826
   1   823   G  0.8858457610312626
   1   824   A    0.87164844352727
   1   825   G  0.8873350619713413
   1   826   A  0.8823174010435011
   1   827   A  0.8713996989319468
   1   828   A  0.8784677242888819
   1   829   U   0.823070395435166
   1   830   U   0.859560254278421
   1   831   C  0.8848078843318887
   1   832   C  0.8971837188262011
   1   833   A  0.8597394042779555
   1   834   A  0.7728365332341862
   1   835   U  0.4427148945508747
   1   836   C  0.8098050901955324
   1   837   G  0.8634755452702745
   1   838   A  0.8356886907499702
   1   839   A  0.8702585389245511
   1   840   C  0.8691124791131408
   1   841   C  0.8836184254172078
   1   842   U  0.8724764737382634
   1   843   G  0.8652928321952578
   1   844   G  0.8853882698175903
   1   845   A    0.85372926078417
   1   846   G  0.8575482600470049
   1   847   A  0.8598278766183376
   1   848   U  0.8658366610570457
   1   849   A  0.8518136429300874
   1   850   G  0.8494959255602238
   1   851   C  0.8326235644513982
   1   852   U  0.8669436268509455
   1   853   G  0.8974204411178709
   1   854   G  0.9043326173213073
   1   855   U  0.8813757109302554
   1   856   U  0.8528060749682689
   1   857   C  0.8948409304669221
   1   858   U  0.8781208849525087
   1   859   C  0.8858198831733263
   1   860   U  0.8854943312178654
   1   861   C  0.8844594601086324
   1   862   C  0.8976766505329674
   1   863   G  0.8644046740660124
   1   864   A  0.9025478808680898
   1   865   A  0.9157689279686025
   1   866   A  0.8994478417541399
   1   867   U  0.8286362626537672
   1   868   A   0.852469276755075
   1   869   G  0.8874214362461044
   1   870   C  0.8956466491872825
   1   871   U  0.8759441595041534
   1   872   U  0.8020572805231526
   1   873   U  0.8569563832094319
   1   874   A  0.8321077789481796
   1   875   G  0.8400082009019866
   1   876   G  0.8763886336496922
   1   877   G  0.8868205727776081
   1   878   C   0.892346918260831
   1   879   U  0.8924722834052631
   1   880   A  0.8860084710820684
   1   881   G  0.8427411697960269
   1   882   C   0.841488401611123
   1   883   C   0.878940127551979
   1   884   U  0.8877156125652687
   1   885   C  0.8485310661758367
   1   886   A  0.8165952139614845
   1   887   A   0.749770807519921
   1   888   G  0.7077648919089184
   1   889   U  0.5788986809188852
   1   890   G   0.441573946298152
   1   891   A  0.5539383086288691
   1   892   U   0.658938127329156
   1   893   G  0.8003163462367545
   1   894   A  0.8148879776068578
   1   895   U  0.8362048859836311
   1   896   U    0.84304465936561
   1   897   A  0.8228389963006694
   1   898   U  0.7637923296337297
   1   899   U  0.7126218653952208
   1   900   G   0.753756041398354
   1   901   G  0.8484907021953588
   1   902   A  0.8799322246930441
   1   903   G  0.7858361959572777
   1   904   G  0.7914886569597381
   1   905   U  0.8787340014855632
   1   906   A  0.8949694636922711
   1   907   G  0.8601555137093626
   1   908   A  0.8857864051840565
   1   909   G  0.8780434289604745
   1   910   C  0.8058060397681999
   1   911   A  0.7793811091563259
   1   912   C  0.8109872760383554
   1   913   U  0.7654936420771102
   1   914   G  0.7602395356055989
   1   915   U  0.7673750408012034
   1   916   U  0.7136248475777625
   1   917   U  0.7879188624169313
   1   918   G  0.7598848369280916
   1   919   G  0.6757206212019267
   1   920   A  0.5382500691220936
   1   921   C  0.3267078466120722
   1   922   G 0.20572423486891062
   1   923   A  0.2379962638314666
   1   924   G 0.12418482064895109
   1   943   C  0.1433163185393833
   1   944   G 0.08197760525142644
   1   945   A 0.13064738069717835
   1   946   A  0.0762939777146731
   1   947   U  0.2105694156235737
   1   948   U  0.5329659612432185
   1   949   C  0.6150114309405833
   1   950   A  0.7204127563650112
   1   951   G  0.8118465181822874
   1   952   A  0.8317956166067759
   1   953   C  0.8609097991635065
   1   954   A  0.8745215385501668
   1   955   A  0.8453464709217949
   1   956   A   0.863617248377849
   1   957   C   0.873321754768042
   1   958   U  0.8444787983519703
   1   959   C  0.8061721881078355
   1   960   C  0.8342256126359683
   1   961   G  0.8614281223685102
   1   962   A  0.9045019402236188
   1   963   A  0.8909337800700939
   1   964   U  0.8514455896892746
   1   965   G  0.8321298287140685
   1   966   C   0.864182419825163
   1   967   C  0.8407182800594503
   1   968   A  0.8481988024069984
   1   969   A  0.7637572282181311
   1   970   U  0.2453860815165615
   1   971   U  0.4252157674238579
   1   972   A   0.622076064943973
   1   973   A  0.7614039794379687
   1   974   U  0.7455401292112174
   1   975   U  0.7330829299995568
   1   976   U  0.7329785717920777
   1   977   A  0.7266960089962269
   1   978   A  0.7707809142661368
   1   979   C  0.7803718996208392
   1   980   U  0.7640153857954368
   1   981   U  0.7364124375346455
   1   982   G  0.8096525100847358
   1   983   G  0.8638015557601177
   1   984   G  0.8756956738285355
   1   985   A  0.8616493064373619
   1   986   G  0.8840186373264984
   1   987   U  0.8718067070405169
   1   988   C  0.8415079798305088
   1   989   A   0.861109480904972
   1   990   G  0.8604147572026476
   1   991   A  0.8958412397968023
   1   992   A   0.878099319209892
   1   993   C  0.8731760849768415
   1   994   A  0.8488083742645804
   1   995   U  0.8188725476042515
   1   996   G  0.8559534016598952
   1   997   G  0.8483751724878441
   1   998   G  0.8819720594332076
   1   999   U  0.8808566444065978
   1  1000   G  0.8672955824234794
   1  1001   A  0.8487833742710262
   1  1002   U  0.7893540733700983
   1  1003   A  0.8620229506842801
   1  1004   A  0.8737906375755682
   1  1005   G  0.8300544036081321
   1  1006   G  0.8635991146188986
   1  1007   U    0.84100000650392
   1  1008   C   0.885213375256799
   1  1009   C  0.8831343777711281
   1  1010   G  0.8831485635180053
   1  1011   U  0.8252863742004201
   1  1012   G  0.8701166828650942
   1  1013   U    0.88117320057434
   1  1014   U  0.8828937956065999
   1  1015   C  0.9119955558307248
   1  1016   G  0.8973074315803342
   1  1017   A   0.893166621070619
   1  1018   A   0.897306869363888
   1  1019   A  0.8421275078151491
   1  1020   G  0.8969579196439178
   1  1021   G  0.8892664357997266
   1  1022   G  0.8682471355627137
   1  1023   A  0.8326694370192813
   1  1024   A  0.8409143003564734
   1  1025   A   0.844342800904118
   1  1026   C  0.8391882686429935
   1  1027   A  0.8517916582888043
   1  1028   G  0.8703469363680094
   1  1029   C  0.8865929511919778
   1  1030   C  0.8766834428196245
   1  1031   C  0.9007865643422163
   1  1032   A  0.8849310031137384
   1  1033   G   0.875344200977465
   1  1034   A  0.8535030053006304
   1  1035   C  0.8799873640662117
   1  1036   C  0.8877772906989163
   1  1037   A  0.8695801161673706
   1  1038   C  0.8490596178994543
   1  1039   C  0.8090824627480145
   1  1040   A   0.878377600334862
   1  1041   G  0.8716146474286337
   1  1042   C  0.8362019573352558
   1  1043   U  0.8462473292967588
   1  1044   A  0.8881413954046343
   1  1045   A   0.871794149636914
   1  1046   G  0.8574790744626141
   1  1047   G  0.8738625641860918
   1  1048   U  0.8681983944924353
   1  1049   C  0.8507330607584297
   1  1050   C  0.8801637673862525
   1  1051   C  0.8861092629655678
   1  1052   A  0.8773086538201667
   1  1053   A  0.8538505901032679
   1  1054   A  0.8513285434448755
   1  1055   A  0.8490025624737599
   1  1056   U  0.7801691992330407
   1  1057   A   0.770652916779685
   1  1058   U   0.740833435890913
   1  1059   A  0.7302765557345493
   1  1060   U  0.6564696860893259
   1  1061   G  0.7242034402564491
   1  1062   U  0.8204422837185839
   1  1063   U  0.8392552356881431
   1  1064   A  0.7329003273590612
   1  1065   A  0.7376212437662317
   1  1066   G   0.730022214083276
   1  1067   U  0.7717904363096096
   1  1068   G   0.817347028155071
   1  1069   G  0.8108135853389766
   1  1070   A  0.6689899771846979
   1  1071   A  0.7696961622117275
   1  1072   A  0.8375177344415792
   1  1073   A  0.8657475540343019
   1  1074   G  0.8729987148210303
   1  1075   G  0.8480461530437771
   1  1076   A  0.8226397153720408
   1  1077   U  0.5118734100404319
   1  1078   G  0.7370131325433561
   1  1079   U  0.7179063992288028
   1  1080   G  0.7340508904980636
   1  1081   G  0.6792454961156149
   1  1082   C    0.57003063484481
   1  1083   G  0.4922464419370679
   1  1084   U  0.3571119610447996
   1  1092   A 0.17927174117626898
   1  1093   C 0.31861032289096614
   1  1094   A  0.2534853060389398
   1  1154   G  0.2887888541896705
   1  1155   A 0.16985561005713712
   1  1156   G  0.3629782070704756
   1  1157   U  0.4603709030972032
   1  1158   G 0.44668645895729214
   1  1159   A 0.41671527690868776
   1  1160   C  0.4327310481475572
   1  1161   A  0.4722148602215922
   1  1162   C  0.5451828617535316
   1  1163   U  0.6129188439654283
   1  1164   G  0.7348426535975565
   1  1165   C  0.7654410406594112
   1  1166   G  0.8231038740806031
   1  1167   C  0.8571887515247408
   1  1168   C  0.8676750210634426
   1  1169   G  0.8742784774379567
   1  1170   A  0.8203604880463571
   1  1171   A  0.7814140094355813
   1  1172   A  0.7641719062770305
   1  1173   A   0.799282423021934
   1  1174   U   0.848897902337016
   1  1175   G  0.8566864515663689
   1  1176   U  0.7867010170331967
   1  1177   A  0.8126382519978863
   1  1178   C  0.5155738659466703
   1  1179   C  0.7685633155885401
   1  1180   G  0.8729431301791889
   1  1181   G  0.8703617272113195
   1  1182   G  0.8767978374943256
   1  1183   G  0.8798807040254379
   1  1184   C  0.8639650187445854
   1  1185   U  0.7825719481650074
   1  1186   A  0.7394705148907365
   1  1187   A  0.8650312533813922
   1  1188   A  0.8492385215016293
   1  1189   C  0.8217242376562058
   1  1190   A  0.7700484351287212
   1  1191   U  0.6790639104743835
   1  1192   A  0.6342460179710079
   1  1193   U  0.6598956087133339
   1  1194   U   0.676452732544538
   1  1195   A  0.8241262489272351
   1  1196   C  0.8926493112065312
   1  1197   C  0.8617430601152039
   1  1198   G  0.8766578841351843
   1  1199   A  0.8752103077073309
   1  1200   A  0.8376503210282995
   1  1201   G  0.8824855540415587
   1  1202   C   0.863498561381395
   1  1203   U  0.8502313828035175
   1  1204   G  0.8500344847128235
   1  1205   U  0.8433492800838444
   1  1206   G  0.8333538304254632
   1  1207   G  0.8402025349141509
   1  1208   A  0.8176849223608798
   1  1209   U  0.7820728295580232
   1  1210   U  0.7302737707503034
   1  1211   G  0.6044623108405605
   1  1212   U  0.4620237097818177
   1  1213   C  0.3034382935400055
   1  1214   C 0.08129132764161526
   1  1215   U 0.16017382123061252
   1  1216   U 0.16559251513084938
   1  1217   U  0.1456754310868727
   1  1218   G 0.17393553821699198
   1  1219   G  0.3216386460832684
   1  1220   A 0.44142148481066384
   1  1221   C  0.5231035564202144
   1  1222   A  0.7095966853557665
   1  1223   A  0.8315194719052703
   1  1224   U  0.8554086939428559
   1  1225   G  0.8659495161137594
   1  1226   G  0.8126533531072633
   1  1227   U  0.8741510462916791
   1  1228   A  0.8749639571646973
   1  1229   G  0.8745498113665007
   1  1230   G  0.9057614204678102
   1  1231   A  0.8583821913001127
   1  1232   G  0.8431123169903939
   1  1233   A  0.8299485900042777
   1  1234   G  0.8492268198049631
   1  1235   C  0.8844841027644754
   1  1236   G  0.8861900562308365
   1  1237   U  0.8692687969071414
   1  1238   U  0.8559963365648853
   1  1239   C  0.8550250636951666
   1  1240   U  0.8510241087008868
   1  1241   A  0.8540916938609535
   1  1242   A  0.8772346567300838
   1  1243   G  0.8377891575282774
   1  1244   G  0.8045886264231025
   1  1245   G   0.792281450483826
   1  1246   C  0.7805101747986549
   1  1247   G  0.8153520026504185
   1  1248   U  0.8491197351493978
   1  1249   U  0.7739003861034434
   1  1250   G  0.8661323114871561
   1  1251   A   0.896515596421816
   1  1252   A  0.8798484103479985
   1  1253   G  0.8684541710242274
   1  1254   C  0.8677240896821703
   1  1255   A  0.8761874017244808
   1  1256   U  0.8700010752251732
   1  1257   G  0.8565105265336272
   1  1258   A  0.8225748959311767
   1  1259   U  0.8565565088782537
   1  1260   C  0.8260115502273635
   1  1261   G  0.8115190014573928
   1  1262   U  0.8182168603946014
   1  1263   A  0.8759596662756035
   1  1264   A  0.8765411128263321
   1  1265   G  0.8556045239103617
   1  1266   G  0.8557052143801009
   1  1267   A  0.8403665128857083
   1  1268   C  0.8179747667302224
   1  1269   A  0.8149358434336121
   1  1270   U  0.7994778841745459
   1  1271   G  0.8255315658799492
   1  1272   U  0.8352714916154842
   1  1273   G  0.8613719592577606
   1  1274   G  0.8507597611459623
   1  1275   A  0.8567419624094442
   1  1276   G    0.85384065876149
   1  1277   C  0.8554563687795905
   1  1278   G  0.8539489503415646
   1  1279   C  0.8393853601556464
   1  1280   U  0.8368179034992899
   1  1281   U  0.8142983399671698
   1  1282   A  0.8595110833086638
   1  1283   G  0.8798917253510242
   1  1284   A  0.8648595616290425
   1  1285   A  0.8612329125192679
   1  1286   G  0.8689886015156933
   1  1287   U  0.8535082943313697
   1  1288   G  0.8724800075236865
   1  1289   A  0.8408349686316892
   1  1290   G  0.8344126167763704
   1  1291   A  0.8296659210824113
   1  1292   A  0.8478146143035615
   1  1293   U  0.8146054413249368
   1  1294   G  0.8394220594772578
   1  1295   C  0.8694729257581063
   1  1296   C  0.8510706937331524
   1  1297   G  0.8705110248839633
   1  1298   G  0.8890074738967275
   1  1299   U  0.8701362679749215
   1  1300   G  0.8523865924071122
   1  1301   U  0.8453335501794583
   1  1302   G   0.882220104842495
   1  1303   A  0.8682080534418029
   1  1304   G  0.8320862144324278
   1  1305   U  0.8360565645405136
   1  1306   A  0.8444611017464181
   1  1307   G  0.8587679182318744
   1  1308   C  0.8755785828698178
   1  1309   G   0.807417179850673
   1  1310   A  0.7237278202621655
   1  1311   A  0.6496897586855087
   1  1312   A   0.782637842105132
   1  1313   G  0.8344553204027582
   1  1314   A    0.86222868684882
   1  1315   C  0.8653858224815237
   1  1316   G  0.8478593101651186
   1  1317   G  0.8083809290780636
   1  1318   G  0.7762127675314833
   1  1319   U   0.792578551739454
   1  1320   G  0.7863317528574074
   1  1321   A  0.7999471549660752
   1  1322   G  0.7905822529256114
   1  1323   A  0.8212625911783932
   1  1324   A   0.834606871569804
   1  1325   U  0.8658134552675342
   1  1326   C  0.8761243595963581
   1  1327   C   0.849203311331104
   1  1328   C  0.8427664982448028
   1  1329   G  0.8591296530650261
   1  1330   U  0.8288907585334159
   1  1331   C  0.8260930930708952
   1  1332   C  0.8605719433043465
   1  1333   A  0.8862212704949479
   1  1334   C  0.8787775448430011
   1  1335   C  0.8585109946701526
   1  1336   G  0.8823047812233494
   1  1337   A  0.8616895996054628
   1  1338   U  0.7761365978974898
   1  1339   U  0.7636499495735568
   1  1340   G  0.8525895926150756
   1  1341   A  0.8037408709052094
   1  1342   C  0.7682395752591235
   1  1343   U  0.7309662721336657
   1  1344   A  0.7729371107712955
   1  1345   A  0.8439093178056217
   1  1346   G  0.8856849596776605
   1  1347   G  0.8676630762112937
   1  1348   U  0.8420653442358107
   1  1349   U  0.8595372677855179
   1  1350   U  0.8495829979610203
   1  1351   C  0.8423154428308767
   1  1352   C   0.844636527415932
   1  1353   A  0.8345832596543735
   1  1354   G  0.8234683836827522
   1  1355   A  0.7837011368135515
   1  1356   G  0.7803773054011839
   1  1357   G  0.8105931604413226
   1  1358   A  0.8119570746577665
   1  1359   A  0.8772759813421797
   1  1360   G  0.8649520155971657
   1  1361   G  0.8227819060009648
   1  1362   C  0.8074657833755263
   1  1363   U  0.8767628610572575
   1  1364   C  0.8434440684787875
   1  1365   G   0.872444316545322
   1  1366   U  0.8674417262918093
   1  1367   C  0.8543546410680436
   1  1368   C  0.8662327888617981
   1  1369   G  0.8504569461973054
   1  1370   C  0.8865692152184831
   1  1371   U  0.8455370748709234
   1  1372   C   0.828282878026289
   1  1373   U   0.810237414059196
   1  1374   G  0.8306767737242559
   1  1375   G  0.8625420311065256
   1  1376   G   0.863353397073771
   1  1377   U  0.8817412989767308
   1  1378   U   0.886203551823859
   1  1379   A   0.840586630840598
   1  1380   G  0.8539226452865052
   1  1381   U  0.8200049221890433
   1  1382   C  0.7862295088329772
   1  1383   G  0.8060296156399486
   1  1384   G  0.7929165133194394
   1  1385   G  0.7919986796949645
   1  1386   U  0.7579966730702549
   1  1387   C  0.8160977503718213
   1  1388   C  0.8682070422562785
   1  1389   U  0.8368199728573161
   1  1390   A   0.809357583484738
   1  1391   A  0.8745249624715542
   1  1392   G   0.864120736362438
   1  1393   C  0.8398921617089151
   1  1394   U  0.8429109886951225
   1  1395   G  0.7539200118757854
   1  1396   A  0.7974853410751721
   1  1397   G   0.812463751318857
   1  1398   G   0.823965594872102
   1  1399   C  0.8496000568635022
   1  1400   C  0.8698664818929719
   1  1401   G  0.8236175927720291
   1  1402   A  0.8363944212072553
   1  1403   C  0.8260437359977493
   1  1404   A  0.7373077778133669
   1  1405   G  0.7784110748496944
   1  1406   G  0.8624083592968025
   1  1407   C  0.8732334145652886
   1  1408   G  0.8603372716156262
   1  1409   U   0.849071140254388
   1  1410   A  0.8141065195966909
   1  1411   G  0.7844718490196885
   1  1412   G  0.8035547462777101
   1  1413   C  0.8614801415625611
   1  1414   G   0.860576608791171
   1  1415   A  0.8462793356584917
   1  1416   U  0.7955764220152253
   1  1417   G  0.8556608037572786
   1  1418   G  0.8901191774021546
   1  1419   A   0.855886792682135
   1  1420   U  0.7660209307806339
   1  1421   A   0.778914556498645
   1  1422   A  0.8283906333544435
   1  1423   C  0.8117926319235098
   1  1424   A  0.7547636910491045
   1  1425   G   0.787218955508162
   1  1426   G  0.7967522850281435
   1  1427   U   0.744791747544699
   1  1428   U   0.702994441159341
   1  1429   G  0.6168534448345193
   1  1430   A  0.7800276618352062
   1  1431   U  0.8083664462199959
   1  1432   A  0.7759932973669148
   1  1433   U  0.7427381889056778
   1  1434   U  0.8753625578021733
   1  1435   C  0.8605501228160455
   1  1436   C  0.8234256162955816
   1  1437   U  0.7976117444870304
   1  1438   G  0.8047996098483503
   1  1439   U   0.774291185989902
   1  1440   A  0.8206032836295355
   1  1441   C  0.8201757554830506
   1  1442   C  0.8170159415917992
   1  1443   A  0.7705112381089549
   1  1444   C  0.7297015529954651
   1  1445   C   0.720160058953383
   1  1446   U  0.5830845378945885
   1  1447   A  0.5159674664411547
   1  1448   U  0.4462149029009719
   1  1449   A  0.2880812834306026
   1  1450   A 0.28363417003287106
   1  1451   U  0.1665729540248036
   1  1452   C  0.2148473360819208
   1  1453   G 0.14999779611135228
   1  1454   U 0.15759849567780632
   1  1459   A 0.43555783876834686
   1  1460   U  0.5466643750506216
   1  1461   C  0.5787418536818228
   1  1462   G  0.4911412428764293
   1  1463   A 0.40491448019978893
   1  1464   U  0.3808270798056056
   1  1465   G  0.4951177107385984
   1  1466   G    0.66063372299047
   1  1467   G  0.7949051824140791
   1  1468   G  0.7859269319330481
   1  1469   G  0.7973646642316079
   1  1470   G  0.8310686833936809
   1  1471   A  0.8290515790136124
   1  1472   C  0.8006024784998365
   1  1473   G  0.8318357835715251
   1  1474   C  0.8563516165984038
   1  1475   A  0.8641781107606618
   1  1476   G  0.8209232555225414
   1  1477   U  0.7142533706050119
   1  1478   A  0.7046218734285314
   1  1479   G  0.7421870300491746
   1  1480   G  0.7795798475812986
   1  1481   A  0.8109821426483456
   1  1482   U   0.789214169584512
   1  1483   A  0.7910659125443656
   1  1484   G  0.7142275380903169
   1  1485   G  0.7946818767763215
   1  1486   C   0.815110661180149
   1  1487   G  0.7317303835353436
   1  1488   A  0.6296388303636501
   1  1489   A 0.19190050772666942
   1  1490   G 0.21769344264337598
   1  1491   C  0.5988530121573794
   1  1492   G  0.6176492821221015
   1  1493   U  0.5921463645192758
   1  1494   G   0.461086995329448
   1  1495   C  0.5305706015308339
   1  1496   G   0.621685590070321
   1  1497   A  0.3735504802321267
   1  1498   U  0.6398938697216139
   1  1499   U  0.6859543421263445
   1  1500   G  0.4604754080095598
   1  1501   G  0.4559333520118357
   1  1502   A  0.5219948830412657
   1  1503   U 0.24084954511488468
   1  1504   U  0.5631598874306775
   1  1505   G  0.7101375046766433
   1  1506   C  0.6806205561834614
   1  1507   A  0.6588403479920166
   1  1508   C  0.6524210507761563
   1  1509   G  0.6413763457062149
   1  1510   U   0.681685688603558
   1  1511   C  0.7035532488960701
   1  1512   U  0.7205997512828299
   1  1513   A  0.7137166584221092
   1  1514   A  0.6222473523389616
   1  1515   G  0.5508351857748739
   1  1516   C  0.4855213861728648
   1  1517   A  0.6278149080210013
   1  1518   G  0.5461682500458594
   1  1519   U  0.6180608405201863
   1  1520   A  0.6682742132846445
   1  1521   A  0.6257420206590888
   1  1522   G  0.7136703524084603
   1  1523   G  0.6663302651769001
   1  1524   C  0.5812620745278956
   1  1525   U 0.30836988184606634
   1  1526   G  0.4091150908234696
   1  1542   C  0.5800157481372838
   1  1543   G   0.532432132116634
   1  1544   G   0.707350986581338
   1  1545   U    0.71684238486137
   1  1546   A  0.5533620429996484
   1  1556   G   0.271401140879311
   1  1557   C  0.5085463139322685
   1  1558   U  0.5618504411578913
   1  1559   G  0.6195754071492083
   1  1560   A  0.6969977245897641
   1  1561   G  0.7442264082832462
   1  1562   C   0.702723871566478
   1  1563   U  0.6865503989339885
   1  1564   G  0.5805851752201625
   1  1565   U  0.4683508424458234
   1  1566   G 0.45014794528731117
   1  1567   A  0.5993803733126232
   1  1568   U  0.6286721846471458
   1  1569   G  0.3803776813363644
   1  1570   G  0.6322935285921606
   1  1571   G  0.6894438631881625
   1  1572   G  0.7402611813185129
   1  1573   A  0.7039802803920585
   1  1574   G   0.644555018279187
   1  1575   A  0.5610236116094891
   1  1576   A  0.4846602469434122
   1  1577   G 0.32445651104607587
   1  1578   A 0.15418565528714215
   1  1579   C 0.08296231602534196
   1  1587   C  0.1622084652248872
   1  1588   U  0.2976519637774636
   1  1589   U  0.3898211636732705
   1  1590   C  0.3652476153328529
   1  1591   G 0.21175462754307398
   1  1592   A  0.4918801781125291
   1  1593   G  0.7030356829353017
   1  1594   U  0.6969376609925308
   1  1595   C  0.6043876324122829
   1  1596   G  0.5617976617323639
   1  1597   U  0.6343787728164408
   1  1598   U  0.7594162093341671
   1  1599   G  0.7407461073093463
   1  1600   A  0.7560770712723577
   1  1601   U  0.7410710479735708
   1  1602   U  0.7150071077108107
   1  1603   U  0.7760923360952484
   1  1604   C  0.8062944665869436
   1  1605   A 0.48931615809473744
   1  1606   C  0.7068736691314567
   1  1607   A  0.7599858665589176
   1  1608   C  0.8070414872611681
   1  1609   U  0.8014295356999658
   1  1610   G   0.815648402361813
   1  1611   C    0.83993886990226
   1  1612   C  0.8490034431106015
   1  1613   G  0.8244543220007369
   1  1614   A  0.8512355117442317
   1  1615   G  0.8314760376331801
   1  1616   A  0.7982388723644753
   1  1617   A  0.8781916846347347
   1  1618   A   0.869320322584241
   1  1619   A  0.8543689781945688
   1  1620   G  0.8359116613443891
   1  1621   C  0.7664853523051359
   1  1622   C  0.7420375359105563
   1  1623   U   0.710847527424131
   1  1624   C   0.702391804668132
   1  1625   U  0.6074171556712085
   1  1626   A 0.44507574011661855
   1  1627   G 0.37791627104534864
   1  1628   A  0.4369367725735381
   1  1629   U 0.31224248183058406
   1  1630   A 0.20596874189028502
   1  1631   G  0.2510111846218744
   1  1632   A 0.16530373531487616
   1  1633   A 0.05713885541914279
   1  1634   A 0.06172670188717692
   1  1635   A 0.15453724508792743
   1  1636   U   0.459192579336772
   1  1637   A  0.5311862622306105
   1  1638   G  0.5711726589487772
   1  1639   G  0.7012708616521562
   1  1640   U  0.8054501414292004
   1  1641   G  0.8427505583584647
   1  1642   C  0.8153869711271485
   1  1643   C   0.852680258994168
   1  1644   C  0.8793230690002181
   1  1645   G  0.8625376420016284
   1  1646   U  0.8366497368625015
   1  1647   A   0.876499967671637
   1  1648   C  0.8615296338387165
   1  1649   C  0.9007694689353481
   1  1650   G  0.8558991313435328
   1  1651   C  0.7943662545444196
   1  1652   A  0.8151162311307697
   1  1653   A   0.817352447384349
   1  1654   A  0.8413682165419231
   1  1655   C  0.8769820388694886
   1  1656   C  0.8301125941431453
   1  1657   G  0.8289997332231571
   1  1658   A    0.76808359373203
   1  1659   C  0.8376545646673678
   1  1660   A  0.8462633419891031
   1  1661   C  0.8795952738132701
   1  1662   A  0.8238761879728584
   1  1663   G  0.8733406756827345
   1  1664   G  0.8725885592624584
   1  1665   U  0.8360315613971128
   1  1666   A  0.8369409657841081
   1  1667   G  0.8460605803443795
   1  1668   U  0.8361578944585192
   1  1669   C   0.768956119473954
   1  1670   A  0.7709958557165788
   1  1671   A  0.8548438668350075
   1  1672   G  0.8745485088422447
   1  1673   A  0.8792555792416433
   1  1674   U  0.8395416365893407
   1  1675   G  0.8113538612649551
   1  1676   A  0.7326624562098916
   1  1677   G   0.832845982291874
   1  1678   A  0.8722011509598648
   1  1679   A  0.8872113023327907
   1  1680   U  0.8736772202298696
   1  1681   U  0.8874041482535646
   1  1682   C  0.9030772023751963
   1  1683   U  0.8440291918639539
   1  1684   A  0.8484508315911065
   1  1685   A  0.8138121435697804
   1  1686   G  0.8087586907942012
   1  1687   G  0.8385277824574519
   1  1688   U  0.8345593856830005
   1  1689   G  0.8436788284092427
   1  1690   A  0.7057421512019182
   1  1691   G  0.8064916396371797
   1  1692   C  0.8567394319875878
   1  1693   G  0.8741136632609104
   1  1694   A  0.8767114541927221
   1  1695   G  0.8553155085668314
   1  1696   C  0.8451410259158986
   1  1697   G  0.7986272054134406
   1  1698   A  0.8315874463465828
   1  1699   A  0.8671270646369589
   1  1700   C  0.8843391548684244
   1  1701   U    0.87064766625609
   1  1702   C  0.8718541424701418
   1  1703   U  0.8422207649346889
   1  1704   C   0.823385057731925
   1  1705   G  0.8525057936237096
   1  1706   U  0.8549743690465729
   1  1707   U  0.8542839527295053
   1  1708   A  0.8273597443345232
   1  1709   A  0.8618024423765216
   1  1710   G  0.8483927379769973
   1  1711   G  0.8706617129819573
   1  1712   A  0.9104623219210044
   1  1713   A  0.8767731849156408
   1  1714   C  0.8600211832964779
   1  1715   U  0.8068504806108798
   1  1716   C  0.8312141052521035
   1  1717   G   0.855479601261259
   1  1718   G    0.85371834033644
   1  1719   C  0.8307879649358444
   1  1720   A  0.8345000740405336
   1  1721   A  0.8582170064551848
   1  1722   A   0.851617882753122
   1  1723   A  0.8473029894221005
   1  1724   U  0.8008420870063943
   1  1725   G   0.827369227331658
   1  1726   A  0.8133271654351144
   1  1727   C  0.7538019474500086
   1  1728   C  0.7286240244001695
   1  1729   C  0.7481006720628846
   1  1730   C  0.7464299700562298
   1  1731   G  0.7954284171293581
   1  1732   U  0.8051629440180764
   1  1733   A  0.8365378123528726
   1  1734   A  0.7932322514514418
   1  1735   C  0.8024427202234048
   1  1736   U  0.8394524859897401
   1  1737   U  0.8503000347618751
   1  1738   C  0.8107146585899399
   1  1739   G  0.8148642324377408
   1  1740   G  0.8568404593723495
   1  1741   G  0.8677507913212626
   1  1742   A  0.8557119974896601
   1  1743   G  0.8145721749393322
   1  1744   A  0.8667454029815648
   1  1745   A  0.8636228177607572
   1  1746   G  0.7268495188367965
   1  1747   G  0.7339839323291034
   1  1748   G  0.7986895494998668
   1  1749   G  0.7858852935917386
   1  1750   U  0.7588436285102617
   1  1751   G  0.8167688487650983
   1  1752   C  0.7964988761577081
   1  1753   U  0.7804581439434091
   1  1754   C  0.7027255379793055
   1  1755   U  0.6086327538076431
   1  1756   U  0.3767881841418896
   1  1757   U 0.27507407940671613
   1  1758   A  0.1915390604683482
   1  1759   G 0.35848019531935876
   1  1760   G  0.3837988354681217
   1  1761   G  0.6055097911494144
   1  1762   U  0.6690754502040754
   1  1763   U  0.4992875976252247
   1  1764   A 0.33063638622826363
   1  1765   A  0.3354466545904562
   1  1766   C 0.49303566333723264
   1  1767   G  0.5928519367242918
   1  1768   C  0.7235971519523339
   1  1769   C  0.6577787870510778
   1  1770   C  0.5751518848448985
   1  1771   A 0.48619399605683716
   1  1772   G 0.42129001550397166
   1  1773   A  0.4762911449139571
   1  1774   A   0.601429538684846
   1  1775   G  0.6375666220358568
   1  1776   A  0.6721651359693318
   1  1777   G   0.743098338360505
   1  1778   C  0.8322093076681941
   1  1779   C  0.8461049043615508
   1  1780   G  0.8531109147373497
   1  1781   C  0.8552997996500621
   1  1782   A  0.8585387110380782
   1  1783   G   0.833926748306814
   1  1784   U  0.8185719547086371
   1  1785   G  0.8412484830658303
   1  1786   A  0.8585598196534806
   1  1787   A  0.8634986906529598
   1  1788   U  0.8252983118910048
   1  1789   A   0.777581479426468
   1  1790   G   0.801707582072396
   1  1791   G  0.8472032226847845
   1  1792   C  0.8656023038143082
   1  1793   C  0.8601843243796542
   1  1794   C  0.8261094616048975
   1  1795   A  0.8254776827012109
   1  1796   A   0.845556684354012
   1  1797   G  0.8479566512559433
   1  1798   C  0.8502547598808734
   1  1799   G  0.8273386717130188
   1  1800   A  0.8454109840196806
   1  1801   C   0.827347533796372
   1  1802   U  0.8527190191402733
   1  1803   G  0.8365803580030161
   1  1804   U  0.8727124696680297
   1  1805   U  0.8840546045651537
   1  1806   U  0.8624446314095199
   1  1807   A  0.8145508822490745
   1  1808   U  0.8053847656512517
   1  1809   C  0.8209151486677337
   1  1810   A  0.8179272842114867
   1  1811   A   0.847446402337745
   1  1812   A  0.8692444921449204
   1  1813   A  0.8540896676184729
   1  1814   A  0.8944353086393674
   1  1815   C  0.8897443222278612
   1  1816   A  0.8946956372065398
   1  1817   C  0.8902248497621729
   1  1818   A  0.8666739062773218
   1  1819   G  0.8500988717949842
   1  1820   G  0.8486467503281734
   1  1821   U  0.8556846074940375
   1  1822   C  0.8581200498490893
   1  1823   U  0.8741634068273153
   1  1824   C  0.8873856267076732
   1  1825   U  0.8680772734424951
   1  1826   G  0.8397462924254997
   1  1827   C   0.829425545128791
   1  1828   U  0.7698452281130845
   1  1829   A  0.8834970903080582
   1  1830   A  0.8827758945673241
   1  1831   A  0.8723261582811123
   1  1832   C  0.8733442471626249
   1  1833   C  0.8655179436398067
   1  1834   G  0.8278360255379027
   1  1835   U  0.5234210643210145
   1  1836   A  0.7905692001755239
   1  1837   A  0.8761643511816497
   1  1838   G  0.8547738737591031
   1  1839   G  0.8670050446241578
   1  1840   U  0.8667408974348113
   1  1841   G  0.9042347961188812
   1  1842   A  0.8880854698064187
   1  1843   U  0.7763279113569205
   1  1844   G  0.8592004652962295
   1  1845   U  0.8589662855740057
   1  1846   A  0.8898397432334351
   1  1847   U  0.8259719824385277
   1  1848   A  0.8646351830047404
   1  1849   G  0.8634861080628623
   1  1850   G  0.8762982754615595
   1  1851   G  0.8626255295950943
   1  1852   G  0.8821372627717267
   1  1853   C   0.865389544291195
   1  1854   U  0.8824422558001108
   1  1855   G  0.8219795447090448
   1  1856   A  0.8682524580860723
   1  1857   C  0.8349676045393062
   1  1858   G  0.8380018332727693
   1  1859   C  0.8453286466113862
   1  1860   C   0.841153735466259
   1  1861   U  0.8598748199200719
   1  1862   G    0.84465447643586
   1  1863   C   0.843915644774285
   1  1864   C  0.7965423578753643
   1  1865   C  0.6964500008719476
   1  1866   A  0.6281384839514682
   1  1867   G   0.775743756913464
   1  1868   U  0.7831350734345388
   1  1869   G  0.8212187110233875
   1  1870   C  0.8331984487485927
   1  1871   U  0.8229494149254953
   1  1872   G  0.7555467509543111
   1  1873   G  0.7234198923095138
   1  1874   A  0.5075315243519217
   1  1875   A  0.4332144141708994
   1  1876   G  0.5705536415977472
   1  1877   G  0.6903216132928389
   1  1878   U  0.6637723853253804
   1  1879   U  0.7019982258333503
   1  1880   A  0.8200555090393218
   1  1881   A  0.8214959674485358
   1  1882   G  0.7920789768522567
   1  1883   A  0.7250957495492082
   1  1884   G  0.6930538072892413
   1  1885   G  0.5537935972717044
   1  1886   A  0.5492679201669765
   1  1887   G  0.5296161702093268
   1  1888   U  0.5440630261261674
   1  1889   G  0.6979844865076559
   1  1890   G   0.776340694901657
   1  1891   U  0.8304557844113496
   1  1892   U  0.7522350316417336
   1  1893   A  0.6558563530983482
   1  1894   G   0.543708063063404
   1  1900   G 0.41301908731052916
   1  1901   C  0.4967139060273186
   1  1902   G  0.5956405040996867
   1  1903   A  0.5854141702138841
   1  1904   A  0.5318740913737013
   1  1905   G    0.66024194875179
   1  1906   C  0.6814860055861846
   1  1907   U  0.7497297960370837
   1  1908   A    0.67646146655594
   1  1909   C  0.6344420080118656
   1  1910   G   0.576685597537781
   1  1911   A  0.5033941968274851
   1  1912   A  0.5476265326527261
   1  1913   U  0.6692336667599151
   1  1914   C  0.7572109271471742
   1  1915   G  0.7061135977032962
   1  1916   A  0.8308856689659336
   1  1917   A  0.8090177660246631
   1  1918   G  0.7985615233466303
   1  1919   C  0.7526041541468185
   1  1920   C  0.6898094462463928
   1  1921   C  0.6825196901799381
   1  1922   C  0.6755875026431073
   1  1923   A  0.7276296291331732
   1  1924   G  0.7607314149166275
   1  1925   U  0.7826321318034318
   1  1926   A  0.8105468444130662
   1  1927   A  0.7962465892710351
   1  1928   A  0.8633186734154448
   1  1929   C   0.873604298433526
   1  1930   G  0.8629697079263619
   1  1931   G  0.8312647471527698
   1  1932   C  0.8064883206315457
   1  1933   G  0.6407525454612547
   1  1934   G   0.581666861888588
   1  1935   C  0.5653436666881719
   1  1936   C  0.5261464957981384
   1  1937   G  0.4876130580818808
   1  1938   U 0.43979889325483956
   1  1939   A 0.37429739715614363
   1  1940   A  0.2325150237524979
   1  1941   C  0.3838183237189626
   1  1942   U 0.15902022871980875
   1  1943   A 0.23032565975972621
   1  1944   U 0.45719858896022175
   1  1945   A  0.4841300341982579
   1  1946   A  0.5241416031029635
   1  1947   C  0.5841992271545046
   1  1948   G   0.568431851885031
   1  1949   G  0.4926840284092005
   1  1950   U  0.5301773441309806
   1  1951   C  0.5840228686573975
   1  1952   C  0.6061353965647398
   1  1953   U   0.648162769257871
   1  1954   A  0.7249800060654175
   1  1955   A  0.6979169949774503
   1  1956   G  0.7195489173988369
   1  1957   G  0.7828022355294084
   1  1958   U   0.820467704555678
   1  1959   A  0.8089773128129408
   1  1960   G  0.8106592898628606
   1  1961   C  0.8457691944444904
   1  1962   G  0.8354424898702248
   1  1963   A  0.8252701952355856
   1  1964   A   0.817427463269085
   1  1965   A  0.7846987188343759
   1  1966   U  0.8611067486859081
   1  1967   U  0.7975321640974433
   1  1968   C  0.7048171920141018
   1  1969   C  0.6913633930148272
   1  1970   U  0.7280580724549165
   1  1971   U  0.7891796278833861
   1  1972   G   0.807047422426844
   1  1973   U  0.7467702571790148
   1  1974   C  0.7390002677236185
   1  1975   G  0.7969907502800924
   1  1976   G   0.837240274871723
   1  1977   G   0.831730940633389
   1  1978   U  0.7922108741806672
   1  1979   A  0.8546576806019364
   1  1980   A  0.8723857790066437
   1  1981   G  0.8545743761797371
   1  1982   U  0.8254758892303355
   1  1983   U  0.8773168724706013
   1  1984   C  0.8815648852111261
   1  1985   C  0.8707519338628211
   1  1986   G  0.8384270526890458
   1  1987   A  0.7763836723814992
   1  1988   C  0.7522761931447149
   1  1989   C   0.689624629824237
   1  1990   C  0.5184000930858415
   1  1991   G   0.798533821296825
   1  1992   C  0.7756000091758832
   1  1993   A  0.7744454592147589
   1  1994   C  0.8576413258805613
   1  1995   G  0.8650636783953084
   1  1996   A  0.8752634201254037
   1  1997   A   0.784060885177023
   1  1998   A  0.7208588838562492
   1  1999   G  0.8616628300740282
   1  2000   G  0.8757024077184099
   1  2001   C  0.8737323354308556
   1  2002   G   0.864997105620105
   1  2003   U  0.8347702730316383
   1  2004   A  0.8639595915450592
   1  2005   A  0.8506952316687869
   1  2006   C  0.8361120347400939
   1  2007   G  0.8440949952154981
   1  2008   A  0.8204388658604024
   1  2009   U  0.8382281491789495
   1  2010   U  0.8551525229020388
   1  2011   U  0.8391573834701477
   1  2012   G  0.8512824153685736
   1  2013   G  0.8503279722754529
   1  2014   G  0.8242323692241933
   1  2015   C  0.8039401642517874
   1  2016   A  0.8423129822000963
   1  2017   C  0.8416296917896173
   1  2018   U  0.8634227102663792
   1  2019   G  0.8690090703701645
   1  2020   U  0.9064158037240224
   1  2021   C  0.8961408945148489
   1  2022   U  0.8495432690466983
   1  2023   C  0.8609139626206574
   1  2024   A  0.8596035926434729
   1  2025   A  0.8909125210694019
   1  2026   C  0.8820359336459941
   1  2027   G  0.8798449258833086
   1  2028   A  0.8874614897668115
   1  2029   G   0.883061974199594
   1  2030   A  0.8682065233860359
   1  2031   G  0.8436926444451454
   1  2032   A   0.859749204611366
   1  2033   C  0.8736927666587804
   1  2034   U  0.8843295488382471
   1  2035   C  0.8530654597630203
   1  2036   G  0.8913595374202324
   1  2037   G  0.8905856477231326
   1  2038   U  0.8820935889895252
   1  2039   G   0.870618556426605
   1  2040   A  0.8788401507380486
   1  2041   A  0.8727390544937033
   1  2042   A  0.8637673979962291
   1  2043   U  0.8525005348103953
   1  2044   C  0.8752689788600848
   1  2045   A  0.8913476047496869
   1  2046   U  0.8633799371855108
   1  2047   A  0.8905387287903304
   1  2048   G  0.8554020132617789
   1  2049   U  0.8468227002640377
   1  2050   A  0.9013297097596754
   1  2051   C   0.890945021495733
   1  2052   C  0.8943428587313944
   1  2053   U  0.8700084604129409
   1  2054   G  0.8584767619013104
   1  2055   U  0.8606591589152905
   1  2056   G  0.7647979046099179
   1  2057   A  0.8890846539448254
   1  2058   A  0.8721064365379292
   1  2059   G  0.8130702032210979
   1  2060   A  0.8341388431010235
   1  2061   U  0.8580648832270495
   1  2062   G  0.8487816275026143
   1  2063   C  0.8812186845089849
   1  2064   A  0.8950225735684776
   1  2065   G  0.8901287761511381
   1  2066   G   0.862087837513537
   1  2067   U  0.8543202988191188
   1  2068   U  0.8520108390284051
   1  2069   A  0.8489919830534403
   1  2070   C  0.8824172441824089
   1  2071   C  0.8777445708547099
   1  2072   C  0.8708093091008612
   1  2073   G  0.8611156178388204
   1  2074   C  0.8827702947977302
   1  2075   G  0.9091178110997684
   1  2076   A  0.9005720728315435
   1  2077   C  0.8944704090829866
   1  2078   A  0.8648575612947355
   1  2079   G  0.8312730957122951
   1  2080   G   0.794653558447778
   1  2081   A  0.8372226763669885
   1  2082   C  0.8603049091862504
   1  2083   G  0.8310961609967475
   1  2084   G  0.8359024591364708
   1  2085   A  0.7500626022665626
   1  2086   A  0.7141625434908289
   1  2087   A  0.7234242250660429
   1  2088   G  0.7431614447534646
   1  2089   A   0.651490937033893
   1  2090   C  0.8406627939638189
   1  2091   C  0.8908864019706191
   1  2092   C  0.8921203300812767
   1  2093   C   0.850423920189586
   1  2094   G  0.8500710829573862
   1  2095   U  0.8484739556183919
   1  2096   G  0.8363642059279568
   1  2097   G  0.8577834019621751
   1  2098   A  0.8708337005901294
   1  2099   G  0.9015398497979574
   1  2100   C  0.9009487832895492
   1  2101   U  0.8709778625119926
   1  2102   U  0.8906655813293041
   1  2103   U  0.7439082326927238
   1  2104   A  0.8802589065626717
   1  2105   C  0.8923268297199495
   1  2106   U  0.8882901772417859
   1  2107   G  0.8769694636601413
   1  2108   U  0.8286718459979787
   1  2109   A   0.813151726798146
   1  2110   G  0.8220544123563107
   1  2111   C  0.8288560077274265
   1  2112   C  0.8470740340030019
   1  2113   U   0.873889486474649
   1  2114   G  0.8755027236849809
   1  2115   A   0.870961014320465
   1  2116   U   0.841027758916407
   1  2117   A  0.8827060119668618
   1  2118   U  0.8523867734223771
   1  2119   U  0.8026770058411403
   1  2120   G  0.6763943919059648
   1  2121   A  0.5529764647707976
   1  2122   A 0.45424840687530393
   1  2123   A   0.390477605030909
   1  2124   U  0.2797303769163793
   1  2125   U 0.22122750533064223
   1  2126   C 0.17594815600698951
   1  2217   G 0.12615863740082342
   1  2218   G 0.16391637394250388
   1  2219   C 0.16409029179597742
   1  2220   U  0.2472164638514425
   1  2221   U 0.30755711989133905
   1  2222   U  0.5494427487687069
   1  2223   C  0.6395979175987042
   1  2224   U  0.6717130050789784
   1  2225   A   0.521067490371624
   1  2226   A  0.7716471888995371
   1  2227   C  0.8209332701404979
   1  2228   C  0.8369668346506078
   1  2229   C  0.7865340344458016
   1  2230   G  0.6665980898709677
   1  2231   C  0.7716988809614845
   1  2232   A  0.7519083267805321
   1  2233   C   0.676527726551534
   1  2234   C  0.7540555884393874
   1  2235   A  0.8083542752120948
   1  2236   C  0.8001531453466436
   1  2237   U  0.7109672316187817
   1  2238   U  0.3502412625210824
   1  2239   A  0.5549779247627676
   1  2240   U 0.45607273224077866
   1  2241   C  0.7920360422704961
   1  2242   G  0.8329293218044559
   1  2243   U  0.8282842485999269
   1  2244   G  0.8181003419751512
   1  2245   G  0.7906542719322472
   1  2246   U   0.736247351227687
   1  2247   G  0.7684623149460341
   1  2248   G   0.786921026893929
   1  2249   G  0.8315967012152664
   1  2250   A  0.8303442426854563
   1  2251   G   0.833190899488332
   1  2252   A   0.822169873746981
   1  2253   C  0.8008346823277289
   1  2254   A  0.8029383666028623
   1  2255   G  0.8237298405346063
   1  2256   U  0.8315007089811819
   1  2257   G  0.8602398662657553
   1  2258   U  0.8727140460223155
   1  2259   C  0.8621530252312501
   1  2260   A  0.8837806565779165
   1  2261   G   0.858634277612922
   1  2262   G  0.8655540246109639
   1  2263   C  0.8553525974183325
   1  2264   G  0.8421389019399014
   1  2265   G  0.8356078548676583
   1  2266   G  0.8712436371350464
   1  2267   C  0.8442084081723311
   1  2268   A  0.8658269073296423
   1  2269   G  0.8698462000733068
   1  2270   U  0.8613228344423237
   1  2271   U  0.9012186996450522
   1  2272   U  0.8462045103638118
   1  2273   G  0.8566744620694712
   1  2274   A   0.890370936149883
   1  2275   C  0.8483742253300057
   1  2276   U  0.8377296670779374
   1  2277   G  0.8488149296810262
   1  2278   G  0.8655971293184171
   1  2279   G  0.8764677727272668
   1  2280   G  0.8512787382449168
   1  2281   C  0.8124018168910678
   1  2282   G   0.816969775284059
   1  2283   G   0.839717564359426
   1  2284   U  0.8484624564053491
   1  2285   C  0.8554993428491091
   1  2286   G  0.8503397349280278
   1  2287   C  0.8605888963368092
   1  2288   C  0.8763601128246319
   1  2289   U  0.8807363192903526
   1  2290   C   0.874235785700163
   1  2291   C  0.9007787844656737
   1  2292   U  0.8839133295896756
   1  2293   A  0.8832402118359378
   1  2294   A  0.8300993405520691
   1  2295   A  0.7708207558056279
   1  2296   A  0.8418452473929147
   1  2297   G  0.8342238397103671
   1  2298   G  0.8651731427936138
   1  2299   U  0.8749386800047666
   1  2300   A  0.8818533087429549
   1  2301   A  0.8549049345903903
   1  2302   C  0.8674110463591903
   1  2303   G  0.8827013011854656
   1  2304   G  0.8856164131188095
   1  2305   A  0.8524452581353437
   1  2306   G  0.8107599444291913
   1  2307   G  0.8461321544829747
   1  2308   C  0.8696087320271956
   1  2309   G   0.856920503132307
   1  2310   C  0.8174525871152044
   1  2311   U  0.8113354422739287
   1  2312   C  0.7943588281189379
   1  2313   A  0.7719447989998709
   1  2314   A  0.7271770805759744
   1  2315   A  0.7807946994150325
   1  2316   G  0.8340811128332053
   1  2317   G  0.8346566827151173
   1  2318   U  0.8543537412298507
   1  2319   U  0.7719600847807258
   1  2320   C  0.7260330252322448
   1  2321   C  0.6662709473873671
   1  2322   C  0.6972974538864499
   1  2323   U  0.6591921899212311
   1  2324   C  0.7155638697378991
   1  2325   A  0.5987130358996101
   1  2326   G   0.431189689201393
   1  2327   A  0.1941538415538526
   1  2328   A 0.22436923978399756
   1  2329   U  0.4166503584162486
   1  2330   G 0.36329139152534895
   1  2331   G 0.34984094696095414
   1  2332   U 0.23239305994151654
   1  2333   U  0.2113107311248506
   1  2334   G 0.19217796123050918
   1  2335   G 0.18358379220270937
   1  2336   A  0.0773310442634668
   1  2337   A  0.2455997169119839
   1  2338   A  0.3461490218409587
   1  2339   U  0.4459338449894942
   1  2340   C  0.5175742208684382
   1  2341   A  0.5571545512258507
   1  2342   U  0.5946633532529507
   1  2343   U  0.5989782822763206
   1  2344   C 0.32932158832042324
   1  2345   A  0.5080668779266492
   1  2346   U 0.29374405007164545
   1  2347   A 0.40382884381100564
   1  2348   G  0.5817332154025399
   1  2349   A  0.7256214951663572
   1  2350   G  0.7950767617309243
   1  2351   U  0.7906912161610611
   1  2352   G  0.7616655181920376
   1  2353   U  0.6993853968235083
   1  2354   A  0.7571724715438681
   1  2355   A  0.8573025448740773
   1  2356   A  0.8684715775798316
   1  2357   G  0.8210350386327722
   1  2358   G  0.8260379043939827
   1  2359   C  0.8385149072888788
   1  2360   A  0.7578329885136598
   1  2361   U  0.4642082579156332
   1  2362   A  0.6908558873076601
   1  2363   A  0.7598045836193437
   1  2364   G  0.8188721195025793
   1  2365   G  0.7711404787169839
   1  2366   G  0.7280947288045739
   1  2367   A  0.5635141924885396
   1  2368   G    0.58890262387947
   1  2369   C  0.7400954364595249
   1  2370   U  0.7733999410335274
   1  2371   U  0.7883156154038721
   1  2372   G  0.8486564261468755
   1  2373   A  0.8299866472236151
   1  2374   C  0.8217814559791642
   1  2375   U  0.8370610078446222
   1  2376   G  0.8660535997693876
   1  2377   C   0.825111881196691
   1  2378   G   0.827175369425866
   1  2379   A  0.8623924423870328
   1  2380   G  0.8572898516715025
   1  2381   A  0.8683224041407722
   1  2382   C  0.8706355529547474
   1  2383   C  0.8686656456658125
   1  2384   U  0.8085293955978442
   1  2385   A  0.8694191709565668
   1  2386   C  0.8703017969676954
   1  2387   A  0.8699845108452435
   1  2388   A  0.8645599617983439
   1  2389   G  0.8829913448148112
   1  2390   U   0.861512848398062
   1  2391   C  0.8742390292703807
   1  2392   G  0.8477678030349609
   1  2393   A  0.8358758905745685
   1  2394   G  0.7976301586742943
   1  2395   C  0.8140566081276653
   1  2396   A  0.8452496086622734
   1  2397   G  0.7990517507585837
   1  2398   G   0.684720854304654
   1  2399   G  0.8030827705522485
   1  2400   U  0.8216071120199552
   1  2401   C  0.8413296402113226
   1  2402   G  0.7971278996273277
   1  2403   A  0.7796340494213665
   1  2404   A  0.7747570389993621
   1  2405   A  0.7492610994250234
   1  2406   G   0.788215103414813
   1  2407   A  0.8313614971119657
   1  2408   C  0.8605628524018569
   1  2409   G  0.8313106651324259
   1  2410   G  0.8381426762946005
   1  2411   A  0.8231581054797548
   1  2412   C  0.8451493071708295
   1  2413   U  0.8763899408332693
   1  2414   U  0.8525321048681337
   1  2415   A  0.8384045762131288
   1  2416   G  0.8420882628859949
   1  2417   U     0.8087334237989
   1  2418   G  0.7775043013184834
   1  2419   A  0.7247785311825192
   1  2420   U   0.789979061518936
   1  2421   C  0.8087417457632312
   1  2422   C  0.8127759797043272
   1  2423   G  0.7591247695423652
   1  2424   G  0.8066430213454906
   1  2425   U  0.7984448878270889
   1  2426   G  0.8141801247068474
   1  2427   G  0.8140219211522075
   1  2428   U  0.6554713001661864
   1  2429   U  0.4472693880893977
   1  2430   C  0.8205880498777366
   1  2431   C  0.8490803067695062
   1  2432   G  0.7635373173992115
   1  2433   C   0.614828933468883
   1  2434   A   0.835755005099881
   1  2435   U  0.8342120216037524
   1  2436   G  0.8315668350908725
   1  2437   G  0.8458023908899085
   1  2438   A  0.8321088491005544
   1  2439   A   0.856421693785623
   1  2440   G   0.816703224101144
   1  2441   G  0.8330485970747097
   1  2442   G  0.8560128705783319
   1  2443   C  0.8809762617020259
   1  2444   C  0.8716100990025868
   1  2445   A  0.8645202132421183
   1  2446   U  0.8096842928509389
   1  2447   C  0.7639001642438443
   1  2448   G  0.7355526443133152
   1  2449   C  0.7226689314699977
   1  2450   U  0.7136820066832023
   1  2451   C  0.8032470583799547
   1  2452   A  0.8738450431656043
   1  2453   A  0.8669458535930092
   1  2454   C  0.8561431952665062
   1  2455   G  0.8827193735434157
   1  2456   G  0.8150338934146328
   1  2457   A  0.8259193379761665
   1  2458   U  0.8656285117971018
   1  2459   A  0.8193957791463903
   1  2460   A  0.8412424828650358
   1  2461   A  0.8316658027400122
   1  2462   A  0.8413519983233062
   1  2463   G  0.8758576712871915
   1  2464   C  0.8891493676983864
   1  2465   U  0.8692141089223439
   1  2466   A  0.7343347420355283
   1  2467   C   0.848520932817121
   1  2468   C  0.8220066112780716
   1  2469   C  0.8402767365930168
   1  2470   C  0.8816812403296933
   1  2471   G  0.8895351593058772
   1  2472   G  0.8889225973922418
   1  2473   G  0.8985011448102461
   1  2474   G  0.8295515407919648
   1  2475   A  0.8110317723370202
   1  2476   U  0.8341622591219098
   1  2477   A  0.8772596951492158
   1  2478   A  0.8490170677104574
   1  2479   C  0.8220022569164882
   1  2480   A  0.8561500071158039
   1  2481   G   0.882561629493897
   1  2482   G  0.9000990598106813
   1  2483   C  0.8873560663013208
   1  2484   U   0.865718695348785
   1  2485   U   0.865673869669899
   1  2486   A   0.844823846497794
   1  2487   U  0.8095393090310135
   1  2488   C  0.8224907643019365
   1  2489   U  0.7986719575465091
   1  2490   C  0.8072114390522469
   1  2491   C  0.7819714956122534
   1  2492   C  0.8276026593302731
   1  2493   C  0.8535286428797484
   1  2494   C  0.8194042290075206
   1  2495   A  0.8080427770656494
   1  2496   A  0.7538230805983083
   1  2497   G  0.7171910427902071
   1  2498   A  0.7037767042419825
   1  2499   G  0.6630874474924762
   1  2500   U  0.4692890091810538
   1  2501   U  0.5475431663623443
   1  2502   C  0.6898838018617812
   1  2503   A  0.7654730240650273
   1  2504   C  0.7339362200422549
   1  2505   A  0.7169843727659572
   1  2506   U  0.6922557491759299
   1  2507   C  0.6834782686462451
   1  2508   G  0.7125676303810171
   1  2509   A  0.7696057092238676
   1  2510   C  0.7373539068151042
   1  2511   G  0.7847075991923853
   1  2512   G  0.8424318315269049
   1  2513   G  0.8690694950006095
   1  2514   G  0.8609046267280169
   1  2515   A  0.8910007189094971
   1  2516   G  0.8876778250458462
   1  2517   G  0.8354676535751836
   1  2518   U  0.7971984602531882
   1  2519   U  0.8289817580885424
   1  2520   U  0.7747074368085025
   1  2521   G  0.8326183537644771
   1  2522   G  0.8966756309907867
   1  2523   C  0.9000333738240706
   1  2524   A  0.8731316969189832
   1  2525   C  0.8786373621648536
   1  2526   C  0.8374728169266916
   1  2527   U  0.8687285827630862
   1  2528   C  0.7966852151021737
   1  2529   G  0.6900731448950236
   1  2530   A  0.7194487722018906
   1  2531   U  0.7315485130592011
   1  2532   G   0.745234349460058
   1  2533   U  0.6717817387370231
   1  2534   C  0.6787205299413874
   1  2535   G  0.7202535652564158
   1  2536   G  0.7277502099094283
   1  2537   C  0.8068053756524074
   1  2538   U  0.8449848144005736
   1  2539   C  0.8058241868244431
   1  2540   A  0.7801210210849799
   1  2541   U  0.7432722161626385
   1  2542   C  0.8163647570136633
   1  2543   G  0.8815526480328267
   1  2544   C  0.8757707383855425
   1  2545   A  0.8257328234261921
   1  2546   U  0.8697262848836824
   1  2547   C  0.8811437741244109
   1  2548   C  0.8870675560450891
   1  2549   U  0.8796222547539164
   1  2550   G  0.8605675065681662
   1  2551   G  0.8565228045424373
   1  2552   G   0.818854788256886
   1  2553   G  0.7487530976329319
   1  2554   C   0.758737531924411
   1  2555   U  0.7652812327707608
   1  2556   G   0.707066450030357
   1  2557   U  0.6919244775487192
   1  2558   A  0.7302280549706596
   1  2559   G  0.7545266798434217
   1  2560   U  0.6886763856237241
   1  2561   C  0.6463006800111178
   1  2562   G  0.7295815412684735
   1  2563   G  0.7878421457892747
   1  2564   U  0.7414012611155496
   1  2565   C  0.6938558776613838
   1  2566   C  0.7750927006978843
   1  2567   C  0.8171769942798573
   1  2568   A  0.8804867381268197
   1  2569   A  0.8597960718392013
   1  2570   G  0.8500900098368305
   1  2571   G  0.8460289628500761
   1  2572   G   0.860798284491163
   1  2573   U  0.8494698940230486
   1  2574   U  0.7545979576298162
   1  2575   G   0.808605766365237
   1  2576   G  0.8975702614099799
   1  2577   G  0.8739014809365749
   1  2578   C  0.8709029917296216
   1  2579   U  0.7780955071822298
   1  2580   G  0.5911610914724279
   1  2581   U  0.6478086061547407
   1  2582   U  0.5804834882837779
   1  2583   C  0.6249437530272289
   1  2584   G   0.734428368932598
   1  2585   C  0.7726048456860501
   1  2586   C  0.8264291144239685
   1  2587   C  0.8553189968499937
   1  2588   A  0.8567085157968053
   1  2589   U  0.8388421113044073
   1  2590   U  0.8438878321339834
   1  2591   A  0.8777617551382688
   1  2592   A  0.8577043673785898
   1  2593   A  0.7548478397802524
   1  2594   G  0.7981137223514712
   1  2595   C  0.8394423987915733
   1  2596   G  0.8512846710802939
   1  2597   G  0.8406689461550425
   1  2598   U  0.8293586473509057
   1  2599   A   0.787839552540513
   1  2600   C  0.6569747515135756
   1  2601   G  0.8309762665809336
   1  2602   C  0.7954179492017683
   1  2603   G  0.7534192877894547
   1  2604   A  0.8180755128506836
   1  2605   G  0.8014569452795397
   1  2606   C  0.7486510739157881
   1  2607   U  0.7823456306956039
   1  2608   G  0.7562310477807237
   1  2609   G  0.7611211722851374
   1  2610   G  0.6805662898939013
   1  2611   U  0.5969748015738815
   1  2612   U  0.4520711470558298
   1  2613   C  0.7870084631668298
   1  2614   A  0.8699360270005873
   1  2615   G  0.8717117009696599
   1  2616   A  0.8808828825260501
   1  2617   A  0.8675488800566136
   1  2618   C  0.8699827327981255
   1  2619   G  0.8721313450026903
   1  2620   U  0.8267650345009031
   1  2621   C  0.8179985365539428
   1  2622   G  0.8232132751838525
   1  2623   U  0.8269773758352983
   1  2624   G  0.8751334285011924
   1  2625   A  0.8668960162328027
   1  2626   G  0.8671525686540623
   1  2627   A  0.7683045535361441
   1  2628   C  0.7455081424521384
   1  2629   A 0.25086574810519946
   1  2630   G  0.7542669978976182
   1  2631   U  0.8137492562076558
   1  2632   U   0.838833491178801
   1  2633   C  0.8731511070135899
   1  2634   G  0.8618384220022963
   1  2635   G  0.8455835735449955
   1  2636   U   0.706159155040175
   1  2637   C  0.5571187639591052
   1  2638   C  0.6624458132106003
   1  2639   C  0.8103802174383471
   1  2640   U  0.8188089074975256
   1  2641   A  0.8455889795670233
   1  2642   U  0.8223786253531928
   1  2643   C   0.877906169414165
   1  2644   C  0.8846543722054684
   1  2645   G   0.878122229960214
   1  2646   U  0.8699741101140527
   1  2647   C   0.859446598572618
   1  2648   G  0.8796229857998907
   1  2649   U  0.8518354562550561
   1  2650   G  0.8574843829348723
   1  2651   G  0.8446291479428698
   1  2652   G  0.8587250942934126
   1  2653   C  0.8756644011543598
   1  2654   G  0.8468663704106721
   1  2655   U  0.8303133819458547
   1  2656   A  0.7915501642315631
   1  2657   G  0.8352922179510183
   1  2658   G  0.8147385847759033
   1  2659   A  0.8376231076569208
   1  2660   A  0.8534040459222483
   1  2661   A   0.848975197335954
   1  2662   U  0.8638413954257198
   1  2663   U  0.8319188979237678
   1  2664   U  0.8233859300692667
   1  2665   G  0.8397091394870037
   1  2666   A  0.8364385504223348
   1  2667   G  0.8193651401542231
   1  2668   A  0.8341995710357717
   1  2669   G  0.8592625021476429
   1  2670   G  0.8495639582511396
   1  2671   A  0.8427441693873348
   1  2672   G  0.8242006589267824
   1  2673   C  0.8547513777750343
   1  2674   U  0.8555149812961609
   1  2675   G  0.8389113769677805
   1  2676   U  0.7650767578864421
   1  2677   C  0.6971655446454198
   1  2678   C  0.6978888162125755
   1  2679   U   0.664389066064968
   1  2680   U  0.6395669555606397
   1  2681   A  0.6221465120118572
   1  2682   G  0.5973952785825517
   1  2683   U  0.6120710858091962
   1  2684   A  0.6294668545354342
   1  2685   C  0.6856935006455543
   1  2686   G  0.6467799905543088
   1  2687   A  0.4471826300795852
   1  2688   G 0.49894788854052485
   1  2689   A  0.5164158083242983
   1  2690   G  0.6856095730452824
   1  2691   G  0.7040290879708488
   1  2692   A   0.706392317428814
   1  2693   C  0.6510807510163957
   1  2694   C 0.37429252346782765
   1  2695   G  0.6131542470293618
   1  2696   G  0.6157133461916798
   1  2697   G  0.6587160687610972
   1  2698   A  0.7080669458827182
   1  2699   U  0.6848882997576673
   1  2700   G  0.8206021096375667
   1  2701   G  0.8558574577872649
   1  2702   A  0.8668891932050082
   1  2703   C  0.8434166876186744
   1  2704   A   0.830124607618205
   1  2705   U  0.8307468218319007
   1  2706   A   0.883703466908349
   1  2707   C  0.8722210743048586
   1  2708   C  0.8485324818950594
   1  2709   U  0.8532877540920085
   1  2710   C  0.8740353727104677
   1  2711   U  0.8591169117854759
   1  2712   G  0.8647851870490891
   1  2713   G  0.8998647316197902
   1  2714   U  0.9128758603331498
   1  2715   G  0.8831575456841195
   1  2716   U  0.8537262339547015
   1  2717   A  0.7808889996537947
   1  2718   C  0.8409522878219718
   1  2719   C  0.8779130987517741
   1  2720   A  0.8906839001996067
   1  2721   G  0.8849916531005506
   1  2722   U  0.8829016343216665
   1  2723   U  0.8868582854767915
   1  2724   G  0.8823987715299408
   1  2725   U  0.8740158684823921
   1  2726   C  0.8559447075906323
   1  2727   G  0.8451881889452947
   1  2728   U  0.8407844878041862
   1  2729   G  0.8058328482849249
   1  2730   C   0.813134575570486
   1  2731   C  0.7650782216166967
   1  2732   A  0.7790966798649182
   1  2733   A  0.8329870349582171
   1  2734   C  0.8217246908883729
   1  2735   G  0.8781985015077158
   1  2736   G  0.8786496019864793
   1  2737   C  0.8785840811822657
   1  2738   A  0.8492280149602557
   1  2739   U  0.7730220319342201
   1  2740   A  0.7928092370014386
   1  2741   G  0.8511071859108277
   1  2742   C   0.884026006599242
   1  2743   U  0.9004351133245088
   1  2744   G   0.895679230842433
   1  2745   G  0.8955549225373343
   1  2746   G  0.8794226336600897
   1  2747   U  0.8554047881264768
   1  2748   A  0.8591374526021011
   1  2749   G  0.8653017651678219
   1  2750   C  0.8536160800539967
   1  2751   U  0.8859722368062224
   1  2752   A   0.870291789128822
   1  2753   U  0.7951794756593884
   1  2754   G  0.8759975294661329
   1  2755   U  0.8652368379246096
   1  2756   G  0.8779748929292853
   1  2757   U  0.8946923988675427
   1  2758   G  0.8697091123173701
   1  2759   G  0.8031802607730884
   1  2760   A  0.6444598311456053
   1  2761   C   0.629522696938821
   1  2762   G  0.7220095124909327
   1  2763   G  0.7503690710763545
   1  2764   G  0.7706007741457438
   1  2765   A  0.7694137934919689
   1  2766   U    0.81777146739982
   1  2767   A  0.8605885211963091
   1  2768   A   0.850804208139664
   1  2769   G   0.814435119707486
   1  2770   U  0.7761432125673807
   1  2771   G   0.775384027025669
   1  2772   C  0.7580732366968623
   1  2773   U  0.7453021020692027
   1  2774   G  0.7033643853350114
   1  2775   A  0.6893813085477275
   1  2776   A  0.7376712313612809
   1  2777   A  0.6855617047910648
   1  2778   G  0.5307204490887434
   1  2779   C  0.6251606327706679
   1  2780   A  0.6618352489355853
   1  2781   U  0.7536301819396749
   1  2782   C  0.7648356577402474
   1  2783   U  0.7002033780270991
   1  2784   A  0.6905963165425637
   1  2785   A   0.645256485746914
   1  2786   G  0.6303089553001351
   1  2787   C  0.6555465463806421
   1  2788   A  0.7481833902143419
   1  2789   U  0.7653056798047494
   1  2790   G  0.8235195657644706
   1  2791   A  0.8498294196675835
   1  2792   A   0.833085351435248
   1  2793   G   0.854898659904373
   1  2794   C  0.8260693992507836
   1  2795   C  0.8326648165463016
   1  2796   C  0.7561946125035045
   1  2797   C   0.764898447585831
   1  2798   C  0.8672307039058531
   1  2799   C  0.8847179324294722
   1  2800   U   0.861478833106161
   1  2801   C    0.84497337104255
   1  2802   A  0.8632552734942383
   1  2803   A  0.8544594856755718
   1  2804   G  0.8626684473131115
   1  2805   A  0.8690511717295064
   1  2806   U   0.859050549368628
   1  2807   G  0.7843356512056293
   1  2808   A  0.8520444510427325
   1  2809   G  0.8517827418098991
   1  2810   A  0.8449979374555379
   1  2811   U   0.836484198927576
   1  2812   U  0.8398360004185464
   1  2813   U  0.8621449630046443
   1  2814   C  0.8569770649605042
   1  2815   C  0.8337141121920779
   1  2816   C  0.6477022966414664
   1  2817   A  0.5777038745003624
   1  2818   A  0.5019704299631181
   1  2819   C  0.3967818984931972
   1  2820   U  0.1301271898371493
   1  2821   U 0.21047802090460294
   1  2822   C 0.22260576151805378
   1  2823   G  0.2679459112332689
   1  2824   G 0.47624253401977745
   1  2825   U 0.46122443089566795
   1  2826   U  0.5615965205484253
   1  2827   A  0.5999659853127537
   1  2828   U   0.757744161422813
   1  2829   A   0.837594548231677
   1  2830   A  0.8557517984861757
   1  2831   G   0.802305862850732
   1  2832   A  0.7326130869787504
   1  2833   U  0.7723980823946859
   1  2834   C  0.8359510322856496
   1  2835   C  0.8390104719572075
   1  2836   C  0.8650068278290891
   1  2837   U  0.8971062865071645
   1  2838   C  0.8540410113097887
   1  2839   A  0.7678046176323908
   1  2840   A  0.7095064634470128
   1  2841   A  0.8522863699448463
   1  2842   G  0.8702510548604875
   1  2843   A  0.8999890672804652
   1  2844   U  0.8694502532288713
   1  2845   G  0.8007381513328373
   1  2846   A   0.863064624350131
   1  2847   U  0.8469852190161079
   1  2848   G  0.8538864479662428
   1  2849   A  0.8321022795005815
   1  2850   G  0.8195357246998172
   1  2851   G  0.8517222766598568
   1  2852   U   0.732407884243076
   1  2853   U  0.5905642722911756
   1  2854   A  0.8222252049275806
   1  2855   A  0.8051827147299873
   1  2856   U  0.8619199108826587
   1  2857   A  0.8648754238854272
   1  2858   G  0.8368317724684173
   1  2859   G  0.8286129945525282
   1  2860   U  0.8391940967409679
   1  2861   U  0.8077766000913519
   1  2862   C  0.7608404568926062
   1  2863   G   0.783740526339935
   1  2864   A  0.7988662837717821
   1  2865   G  0.8343265765869403
   1  2866   G  0.8492775052459789
   1  2867   U  0.8783342927042584
   1  2868   G  0.8336146189020501
   1  2869   G  0.7877250785302301
   1  2870   A  0.8311255712606653
   1  2871   A  0.8389200636872086
   1  2872   G  0.8190477988710789
   1  2873   C  0.8061185306855831
   1  2874   A  0.7910473126185426
   1  2875   U  0.7413965545696731
   1  2876   G  0.7323026965896472
   1  2877   G  0.6504947527590439
   1  2878   U  0.6206246019167202
   1  2879   G  0.7509269884990158
   1  2880   A  0.7780911593500992
   1  2881   C  0.7882071301575156
   1  2882   A  0.7801218600397766
   1  2883   U  0.7183449249760583
   1  2884   G  0.7670025981370556
   1  2885   U  0.7411062291273335
   1  2886   G   0.754829352811927
   1  2887   G 0.47330589966069436
   1  2888   A  0.8305529205434381
   1  2889   G  0.8384784761344416
   1  2890   C   0.851255728180538
   1  2891   U  0.8146526593260147
   1  2892   G  0.7861495307013212
   1  2893   A  0.8067115770013558
   1  2894   C  0.8331901057036516
   1  2895   G  0.8448425894593862
   1  2896   A  0.8096501886874938
   1  2897   A  0.8079449736254986
   1  2898   U  0.8187717711201445
   1  2899   A  0.7936764743497723
   1  2900   C  0.8178473412881909
   1  2901   U  0.8446359489124441
   1  2902   A  0.8507538314536146
   1  2903   A  0.8815801368148157
   1  2904   U  0.7757360990877576
   1  2905   C  0.7864832862816009
   1  2906   G  0.7775849695388125
   1  2907   A   0.766595205432331
   1  2908   U  0.7413785525858629
   1  2909   C  0.7714264136757301
   1  2910   G  0.7822349170406082
   1  2911   A  0.8200716773000789
   1  2912   A  0.7754235726601633
   1  2913   G  0.7660868975285012
   1  2914   A  0.7706173280632345
   1  2915   C  0.7323387944152822
   1  2916   U  0.6946008772290085
   1  2917   U    0.60794170064979
   1  2918   A 0.48272114115723225
   1  2919   A 0.34460604584296467
   1  2920   U 0.22497677301543595
   2     2   C  0.2265080557734077
   2     3   U  0.4540145545543038
   2     4   G  0.5817483303002104
   2     5   G  0.7055532378428043
   2     6   U  0.6824656361461545
   2     7   G    0.63461842300747
   2     8   A  0.6222256798657533
   2     9   C  0.5847040909979718
   2    10   U  0.5486872909268938
   2    11   A  0.6255717955336512
   2    12   U  0.6907250644986883
   2    13   A  0.6174537626744933
   2    14   G  0.6645062295870701
   2    15   C  0.5738534484342526
   2    16   A  0.5023094419321047
   2    17   A 0.44797085627319383
   2    18   G  0.3829471152808945
   2    19   G  0.3922753895001722
   2    20   A 0.43264066508209464
   2    21   G 0.41681590037219945
   2    22   G  0.4203777259747636
   2    23   U   0.143495566340481
   2    24   C  0.3220486700980624
   2    25   A  0.5429260552073726
   2    26   C  0.6369494715883312
   2    27   A  0.6040927635495196
   2    28   C  0.5951238660380228
   2    29   C  0.5581405636090662
   2    30   U   0.507497220959036
   2    31   G 0.49689669142338794
   2    32   U  0.4414471685725664
   2    33   U  0.3759465626266182
   2    34   C  0.4228307611814637
   2    35   C  0.4745071060152386
   2    36   C  0.5441805032524724
   2    37   A   0.568746194956145
   2    38   U  0.5554456860683435
   2    39   G 0.32109571545862836
   2    40   C 0.18485366847783757
   2    41   C 0.14923404531780432
   2    42   G  0.5123778568458207
   2    43   A  0.5289644333648306
   2    44   A  0.6383947479952718
   2    45   C  0.7078757387909438
   2    46   A  0.6033229968999528
   2    47   C  0.4394380732638813
   2    48   A 0.44050005748347926
   2    49   G  0.5492246889581803
   2    50   A 0.23654499094660084
   2    51   A  0.3797456167186435
   2    52   G 0.47051696486269373
   2    53   U 0.45307813413984394
   2    54   U  0.5134471268833201
   2    55   A  0.5569672254819362
   2    56   A 0.48383082082855666
   2    57   G  0.4331040824876224
   2    58   C  0.5018667028949255
   2    59   U  0.4672368032912668
   2    60   C  0.3809148947165576
   2    61   C   0.429097203738593
   2    62   U  0.4915741031854131
   2    63   U  0.4717552024873516
   2    64   A  0.5210572851662642
   2    65   G  0.5525946225183788
   2    66   C  0.5794508696760917
   2    67   G  0.6475740190190342
   2    68   A  0.6988068554379363
   2    69   C  0.6918244751228808
   2    70   G  0.6950067344656405
   2    71   A  0.6950010833290969
   2    72   U  0.6965713870886323
   2    73   G   0.766307866206948
   2    74   G  0.8191835069767299
   2    75   U  0.8330507483168782
   2    76   A  0.8495617746345189
   2    77   G  0.8610862877476932
   2    78   U  0.8481390827285862
   2    79   C  0.8366355069229768
   2    80   C  0.7834793975713741
   2    81   A  0.8053430378495658
   2    82   A  0.7499737667598843
   2    83   C  0.6422626983174206
   2    84   U   0.561986430912705
   2    85   U 0.35597122531173775
   2    86   A  0.4628616708766748
   2    87   C  0.5397125134847801
   2    88   G   0.717556099585416
   2    89   U  0.7336619188056243
   2    90   U  0.7427746935428098
   2    91   C  0.7043443654231917
   2    92   C  0.7924984997878235
   2    93   G  0.7564515235191395
   2    94   C  0.8052030823165527
   2    95   U  0.7829719501456046
   2    96   A  0.7995228052725207
   2    97   G  0.7228992389938936
   2    98   A  0.6903247069196282
   2    99   G  0.7142795922438533
   2   100   U  0.5604868885115245
   2   101   A   0.564237835172981
   2   102   G   0.606889946609883
   2   103   A  0.5612891200128823
   2   104   A  0.5751988503004956
   2   105   C  0.5643377834792723
   2   106   G  0.3908903373287822
   2   107   U 0.49271481316265964
   2   108   U  0.6065605252347815
   2   109   C 0.41016272087257394
   2   110   C  0.4131712971467326
   2   111   A  0.4066635315992166
   2   112   G 0.40942468478858773

CC per chain
   1  0.8104660880526691
   2  0.6409197751344184
