CC per residue
   1     4   U  0.7438503846452251
   1     5   A  0.8367389145971704
   1     6   A  0.8227075423745848
   1     7   G  0.8630198522245077
   1     8   U  0.8966702899683008
   1     9   U  0.8620835581275449
   1    10   A  0.8312111880718825
   1    11   U  0.7805683244558017
   1    12   U  0.7600935639742701
   1    13   A  0.8271680363596817
   1    14   A  0.8455959945342962
   1    15   G  0.8524016385718343
   1    16   G  0.8734731380781201
   1    17   G  0.8929607461658675
   1    18   C  0.8898543478015765
   1    19   G  0.8653144268367106
   1    20   C  0.8396531836515815
   1    21   A  0.8785988608236293
   1    22   C  0.8713840095325293
   1    23   G   0.864396211352528
   1    24   G  0.8677628735006282
   1    25   U   0.867569449404028
   1    26   G  0.8891970522373996
   1    27   G  0.8568145172170369
   1    28   A   0.836335343859739
   1    29   U  0.8145198911650698
   1    30   G  0.8344883111578928
   1    31   C  0.8161762671287015
   1    32   C  0.8436165535435081
   1    33   U  0.7794913751640369
   1    34   U  0.5730817974494973
   1    35   G  0.8261890076159383
   1    36   G  0.8805022416676289
   1    37   C  0.8699312386830531
   1    38   A  0.8659818450204811
   1    39   C  0.8743910364799475
   1    40   U  0.8929372701941906
   1    41   A  0.8588901200140701
   1    42   G  0.8199678375454839
   1    43   A  0.7914122017787418
   1    44   A  0.8398926624591652
   1    45   G  0.8528841057657257
   1    46   C  0.8276781057140179
   1    47   C   0.841181184078152
   1    48   G  0.8648385902120371
   1    49   A  0.8820853088387289
   1    50   U  0.8331598918542159
   1    51   G  0.8611125198357263
   1    52   A  0.8284112012927743
   1    53   A  0.8087944138782469
   1    54   G   0.770017504408665
   1    55   G  0.7515331346320562
   1    56   A  0.8694801867609776
   1    57   C  0.8766645047656869
   1    58   G  0.8829735595244109
   1    59   U   0.872455042724138
   1    60   U  0.7842245951567832
   1    61   A  0.8142647062536261
   1    62   C  0.6284188773452042
   1    63   U  0.5318388693707917
   1    64   A  0.5995762209026395
   1    65   A  0.7391133072495254
   1    66   C   0.784228157713223
   1    67   G  0.7919539115238776
   1    68   A  0.8224845085724836
   1    69   C  0.8595861527845872
   1    70   G  0.9033490602761198
   1    71   A  0.8878825968565967
   1    72   U  0.8518157994804173
   1    73   A  0.8737940833687501
   1    74   U  0.8121161542951697
   1    75   G  0.8161649084453931
   1    76   C  0.8251832919480847
   1    77   U  0.7920735494635855
   1    78   U   0.737555387191267
   1    79   U   0.743538766641874
   1    80   G  0.8169438130479155
   1    81   G  0.8336361236645647
   1    82   G  0.7987456688372272
   1    83   G  0.7800859279172482
   1    84   A  0.8271473894443726
   1    85   G  0.8264035839297649
   1    86   C  0.8488010652066064
   1    87   U  0.7604782718532939
   1    88   G  0.7605213587279921
   1    89   U  0.6581731045544936
   1    90   A  0.5518984277382013
   1    91   A  0.4275429718496096
   1    92   G   0.595241588428347
   1    93   U  0.6945576313243353
   1    94   A  0.8016134401363677
   1    95   A  0.8137974954265561
   1    96   G  0.8284350709096349
   1    97   C  0.8243468395384429
   1    98   U  0.8329421188320068
   1    99   U  0.7959977277322489
   1   100   U  0.8022657072582384
   1   101   G  0.8420804315149174
   1   102   A  0.8142249392907746
   1   103   U  0.8204944799585675
   1   104   C  0.8411582043053574
   1   105   C  0.8681044406450095
   1   106   A  0.8608025261688116
   1   107   G  0.8733844278234303
   1   108   A  0.8520410386373207
   1   109   G  0.8435872162410868
   1   110   A  0.8614543890363511
   1   111   U  0.8604547521969165
   1   112   U   0.837017665709899
   1   113   U  0.8991714704600897
   1   114   C  0.8818402326485869
   1   115   C  0.8246141584893757
   1   116   G   0.813500897574607
   1   117   A  0.8783037227896657
   1   118   A  0.8598983536136922
   1   119   U  0.8381124059890739
   1   120   G  0.8816208132629426
   1   121   G  0.8857967538323579
   1   122   G  0.8599542833883079
   1   123   G  0.7904209818591015
   1   124   A  0.7650002431016515
   1   125   A  0.7601172651158016
   1   126   A  0.8207344159397301
   1   127   C  0.8613911842527439
   1   128   C   0.868385198223626
   1   129   C   0.908882868111898
   1   130   A  0.8874753277606268
   1   131   G  0.8597763181053911
   1   132   C  0.8315464859957107
   1   133   A  0.8241937640219588
   1   134   U  0.8077618408953438
   1   135   G  0.8106899190807233
   1   136   A  0.7702615026379109
   1   137   G  0.7940971363267812
   1   138   U  0.7989882229138573
   1   139   U  0.7785630494926618
   1   140   A  0.8473686237669542
   1   141   U  0.8234095336172612
   1   142   G  0.8239917589129077
   1   143   U  0.8056326862163083
   1   144   C  0.8540051919817281
   1   145   A  0.8311599887000473
   1   146   U  0.8305157603528817
   1   147   G  0.7890502978512159
   1   148   U  0.8046322856247389
   1   149   U  0.8322628547635195
   1   150   A  0.8515358555379159
   1   151   U   0.836677015094658
   1   152   C   0.808498596491562
   1   153   G  0.8136645709990715
   1   154   A  0.7826604726805308
   1   155   U   0.700290675235281
   1   156   A  0.6556711491996886
   1   157   U  0.6976040640833748
   1   158   G  0.6197179442380748
   1   159   U  0.4936317728592984
   1   160   G  0.3681817909122584
   1   161   A  0.5187959233973677
   1   162   A  0.6090272283551291
   1   163   U   0.594884944345375
   1   164   A  0.5593818255089393
   1   165   C  0.4242941652465298
   1   166   A  0.5143922399599328
   1   167   U  0.5787956996115595
   1   168   A  0.7304521765112763
   1   169   G  0.7360669871173235
   1   170   C  0.7734965850149119
   1   171   A  0.7603536817273576
   1   172   U  0.7575260191247253
   1   173   A  0.7535837282572632
   1   174   U  0.6932483310487675
   1   175   C  0.6782203499273669
   1   176   A  0.7142499895705066
   1   177   G  0.8087938907334362
   1   178   A  0.7975217627831587
   1   179   A  0.7846006507533878
   1   180   G   0.847526286751969
   1   181   G  0.8607105603703895
   1   182   C  0.7385595900302944
   1   183   A  0.7537389046663971
   1   184   C 0.43639808050141066
   1   185   A  0.8169408218171129
   1   186   C  0.8704851708965026
   1   187   C  0.8806647182034639
   1   188   C  0.8859462082363379
   1   189   G  0.8638258685948561
   1   190   G  0.8835696892133478
   1   191   A  0.8844373144153799
   1   192   G  0.8681202513171965
   1   193   A  0.8927825102183929
   1   194   A  0.8832642761169941
   1   195   C   0.882836514338935
   1   196   U   0.873966317660523
   1   197   G   0.837897341543056
   1   198   A  0.8059145922029787
   1   199   A  0.8397540419497723
   1   200   A  0.7981703909009825
   1   201   C  0.7763101042870997
   1   202   A  0.7968406375887294
   1   203   U  0.8266864830066583
   1   204   C  0.8818394990552376
   1   205   U  0.8863468824772426
   1   206   U  0.8937447940262424
   1   207   A   0.898895689894028
   1   208   G  0.8649500290846249
   1   209   U  0.8933120382001589
   1   210   A  0.8898295811348965
   1   211   C  0.8793395299590625
   1   212   C  0.8895590551566006
   1   213   C   0.898643285732648
   1   214   G  0.8922672079944497
   1   215   G  0.8559856521109747
   1   216   A  0.7914860741645828
   1   217   G  0.8686141277366302
   1   218   G  0.8707376747862218
   1   219   A  0.8941270701036178
   1   220   A  0.8979892649485878
   1   221   G  0.8217965471294734
   1   222   A  0.8468058091394007
   1   223   G   0.845575594188288
   1   224   A  0.8266107576475531
   1   225   A  0.8809936858253214
   1   226   A  0.8718445757320018
   1   227   G  0.8793360384560562
   1   228   A   0.876767881062866
   1   229   A   0.842388797074588
   1   230   A  0.8708520268816997
   1   231   A  0.8073744231272356
   1   232   U  0.5373749848198094
   1   233   U   0.749197927500375
   1   234   C  0.8277614349555633
   1   235   G  0.8521499245682274
   1   236   A  0.8845436620232536
   1   237   U   0.885363279035356
   1   238   U   0.876973064635074
   1   239   C  0.8532019739612473
   1   240   C  0.8231610199810483
   1   241   C  0.8114330734198401
   1   242   U  0.7841744665002468
   1   243   U  0.8225385795241293
   1   244   A   0.887277782643591
   1   245   G  0.8806555466773202
   1   246   U   0.875474377608904
   1   247   A  0.8715423788637182
   1   248   G  0.8786747626105518
   1   249   C  0.8826232930916642
   1   250   G  0.8660570814272578
   1   251   G  0.8301843457976544
   1   252   C  0.7775250484807787
   1   253   G  0.8882796634414925
   1   254   A  0.9014060078966364
   1   255   G  0.8963269025868305
   1   256   C  0.8786718040225309
   1   257   G  0.9070170494942861
   1   258   A   0.905267549572664
   1   259   A  0.8994149719768355
   1   260   A  0.8818121719434024
   1   261   C  0.7802453744685223
   1   262   G  0.7521578385446751
   1   263   G  0.7821205065032427
   1   264   G  0.8092613459556838
   1   265   A  0.8634610794421509
   1   266   A  0.8482540236645919
   1   267   G  0.7112611341768917
   1   268   A  0.6674434021033956
   1   269   G  0.7344911056637042
   1   270   C  0.7751460738873646
   1   271   C  0.8509157360597204
   1   272   C  0.8586429540146696
   1   273   A  0.8456825645116681
   1   274   A  0.8229639587002481
   1   275   A  0.7458832692788808
   1   276   C  0.7394926091797672
   1   277   C   0.643973460995463
   1   278   A  0.6010610652696265
   1   279   A  0.5535975122253987
   1   280   C 0.41371893649119373
   1   281   A 0.32809914850920247
   1   282   A  0.2936037643354473
   1   283   G 0.37802574935683236
   1   284   C 0.27535824978283546
   1   285   U  0.2224710655333731
   1   286   U 0.46168916347183564
   1   287   G  0.4299116058378582
   1   288   C 0.30071532712012344
   1   289   U 0.31688056014895805
   1   290   U 0.33980289558835297
   1   291   G  0.5471742114328928
   1   292   U  0.6143410159466483
   1   293   U  0.6624925193623539
   1   294   G  0.7168240577854712
   1   295   G  0.7168044571970803
   1   296   G   0.760011961578863
   1   297   G  0.8238270502865178
   1   298   U  0.8264495451305868
   1   299   U  0.7860674072004722
   1   300   G  0.7844034478267212
   1   301   U 0.44103226115073657
   1   302   A  0.7678758531829631
   1   303   G  0.8093352664803645
   1   304   G  0.8119813912920876
   1   305   A  0.8208262941650474
   1   306   C  0.7707624556015433
   1   307   A  0.6934523786409712
   1   308   C   0.541925746840958
   1   309   U 0.46487894831737825
   1   310   C 0.48161465742139076
   1   311   U  0.5226173480521773
   1   318   A 0.45645001190457885
   1   319   G  0.4738320747672771
   1   320   U 0.46299891082293676
   1   321   U   0.533935419271012
   1   322   A  0.6665364361780398
   1   323   C   0.725304750590468
   1   324   A  0.6981108804940801
   1   325   A  0.7151595165224106
   1   326   A  0.5155190193800676
   1   327   G  0.6555891625434435
   1   328   G  0.7105537932187447
   1   329   A  0.6192114983850323
   1   330   C  0.5457842767180449
   1   331   G  0.5378536371081379
   1   332   A  0.6597882792733558
   1   333   C  0.7263489160796307
   1   334   A  0.7410601649161036
   1   335   U  0.7605752008616853
   1   336   U  0.8463703961577527
   1   337   A  0.8736273123985719
   1   338   G  0.8608797330777002
   1   339   A   0.866337565489151
   1   340   C  0.8713165855589651
   1   341   G  0.8429575162811732
   1   342   A  0.8801645165287577
   1   343   A  0.8627602707703216
   1   344   U  0.8863339339123696
   1   345   C  0.8759174446663405
   1   346   A  0.8351304965970173
   1   347   U  0.8079511239852502
   1   348   C  0.8345387095379719
   1   349   U   0.858224156974296
   1   350   G  0.7950953480460313
   1   351   G   0.861344651911711
   1   352   A  0.8740524931838637
   1   353   A  0.8442030366198301
   1   354   A  0.8637316549856444
   1   355   G  0.8982343050801133
   1   356   A  0.8817743088796642
   1   357   U  0.8232945429730535
   1   358   G  0.7947299478719575
   1   359   A  0.7681914922658962
   1   360   A  0.7839598181338387
   1   361   U  0.8258264621257704
   1   362   C  0.8779962483405739
   1   363   A  0.8651256461226224
   1   364   A  0.7982638030108323
   1   365   A  0.8636115921086667
   1   366   G  0.8513920625824117
   1   367   A  0.8529819952742222
   1   368   A  0.8747979573644612
   1   369   G  0.8396472333107045
   1   370   G  0.8178575405637969
   1   371   U   0.845052337503351
   1   372   A  0.8728187712199597
   1   373   A  0.8560127494609181
   1   374   U  0.8521816549254577
   1   375   A  0.8753215923911055
   1   376   A  0.8628502155975223
   1   377   U   0.882477437580921
   1   378   C  0.8702634988383016
   1   379   C  0.8868053400372222
   1   380   U   0.885119093422614
   1   381   G   0.859089549092305
   1   382   U  0.8724957456083191
   1   383   A  0.8522340095776901
   1   384   G   0.821641081764882
   1   385   U  0.7719104422575338
   1   386   C  0.8317112964373402
   1   387   G  0.8018392429667589
   1   388   A   0.788798992686038
   1   389   A  0.7435843078741154
   1   390   A  0.8009641604312325
   1   391   A  0.7866376681581104
   1   392   U  0.7658943850691098
   1   393   G  0.7126599169500523
   1   394   U  0.6633932356943655
   1   395   U  0.7269764719853659
   1   396   G  0.7445076853302967
   1   397   U  0.7373625368616739
   1   398   C  0.7216489123366742
   1   399   U  0.7355995685517023
   1   400   C  0.7108477930025652
   1   401   U  0.5701955001403681
   1   402   C  0.5844819222569447
   1   403   U  0.5850356367839314
   1   404   U  0.6037627315551518
   1   405   G  0.6355144478158621
   1   406   A  0.6174583670291686
   1   407   G  0.7074745460755666
   1   408   U  0.6685996765003946
   1   409   G  0.5457612961448922
   1   410   G  0.4720934563850721
   1   411   A  0.5612467558059597
   1   412   U  0.7299436265567208
   1   413   C  0.7969627127333448
   1   414   C  0.7995581460676134
   1   415   U  0.8353305291137842
   1   416   G  0.8152072838497734
   1   417   A  0.8412763981268987
   1   418   G  0.8686802122424995
   1   419   U  0.8730747258767593
   1   420   A  0.8617836717937278
   1   421   C  0.8934656052249094
   1   422   G  0.8689955411350396
   1   423   A  0.8812037898161442
   1   424   C  0.8845335118742038
   1   425   G  0.8678051891548142
   1   426   G  0.8579192019738077
   1   427   A  0.8777643642050253
   1   428   G  0.8459699544497707
   1   429   C  0.8438226596508964
   1   430   A  0.8703471679372434
   1   431   C  0.8927229890575614
   1   432   G  0.8798364299039398
   1   433   U  0.8585546600704914
   1   434   G  0.7933231444657394
   1   435   A   0.824260295482678
   1   436   A  0.8294691071597453
   1   437   A  0.8738372668291464
   1   438   U  0.8435417821535958
   1   439   U  0.8045153259885969
   1   440   C   0.826974851400177
   1   441   C  0.8815064026435617
   1   442   G  0.8798864624787174
   1   443   U  0.8518516161556214
   1   444   C  0.8786445785169851
   1   445   G    0.87134577308526
   1   446   G  0.8420810064288229
   1   447   A  0.8914476877599322
   1   448   A   0.873708552633339
   1   449   U  0.7862527559797682
   1   450   C  0.7830023569921831
   1   451   U  0.6920636427142428
   1   452   G  0.8373986966880927
   1   453   G  0.8808939155491253
   1   454   G  0.8955530578718782
   1   455   A  0.8820831643693604
   1   456   G  0.8966995465838552
   1   457   G  0.8348345248545829
   1   458   A  0.8840847587492584
   1   459   C   0.903072935392039
   1   460   C  0.9110428331052642
   1   461   A  0.8918098069966138
   1   462   U  0.8644623124317108
   1   463   C  0.8580362574765469
   1   464   U  0.8775941696487654
   1   465   C  0.8784836629364029
   1   466   C  0.8544362513106963
   1   467   U  0.8737006408706208
   1   468   A  0.8620955643204672
   1   469   A   0.865414037712304
   1   470   G  0.8106719765143696
   1   471   G  0.7590831899561227
   1   472   C  0.7462635454517597
   1   473   U  0.7654898712936492
   1   474   A  0.7907826211149057
   1   475   A  0.8422416246519208
   1   476   A  0.8506275506189446
   1   477   U  0.8446669388386927
   1   478   A  0.8717520169062318
   1   479   C  0.8697577076033373
   1   480   U  0.8609470096709696
   1   481   C  0.8337641431600851
   1   482   U  0.7551974770570726
   1   483   C  0.7817543241524952
   1   484   U  0.8594542565175489
   1   485   A  0.8388154033148173
   1   486   G   0.823128811817721
   1   487   U  0.8336074446733954
   1   488   G  0.8303741375492142
   1   489   A  0.8803674850872326
   1   490   C  0.8758641685537394
   1   491   C  0.8803094795409522
   1   492   G    0.85083977049387
   1   493   A  0.8262560325982987
   1   494   U  0.8343121057214186
   1   495   A  0.8895973834815204
   1   496   G  0.8482881302200245
   1   497   U  0.8796129666147826
   1   498   G  0.8417013064969213
   1   499   A  0.8667269178818016
   1   500   A  0.8527093806839656
   1   501   C   0.585045603730171
   1   502   C  0.6771266021898307
   1   503   A  0.8250823785372187
   1   504   G   0.768064662531514
   1   505   U  0.7447587314476241
   1   506   A  0.7241743588796883
   1   507   C  0.6727303189420187
   1   508   C  0.7963299498411792
   1   509   G  0.8442077026162785
   1   510   U   0.886102911403396
   1   511   G  0.8800720061810012
   1   512   A  0.8842398151934641
   1   513   G  0.8023605989798118
   1   514   G  0.7680505514953623
   1   515   G  0.7188015915047221
   1   516   A   0.765903718752661
   1   517   A  0.7404160009461747
   1   518   A  0.7492196479326791
   1   519   G  0.8146642587398564
   1   520   G  0.8278862786444671
   1   521   U   0.890825464556573
   1   522   G  0.8865772405355019
   1   523   A     0.8789244706912
   1   524   A  0.8811209609087617
   1   525   A  0.8799005134791027
   1   526   A  0.8824927994273709
   1   527   G  0.8801280792899573
   1   528   C  0.8909077405256479
   1   529   A   0.840178844890283
   1   530   C  0.8480613991173941
   1   531   C  0.8328091984464308
   1   532   C  0.8849804036560961
   1   533   C  0.8940363560426735
   1   534   G  0.8318093408308378
   1   535   G  0.8476887753393116
   1   536   A  0.8803833616598258
   1   537   A  0.8889675244709765
   1   538   G  0.8810078372480196
   1   539   G  0.8343242723564226
   1   540   G  0.7790377641320091
   1   541   G  0.7746483710936967
   1   542   A  0.7759468845418332
   1   543   G  0.8393209345456476
   1   544   U  0.8776377474281549
   1   545   G  0.8799986088286477
   1   546   A  0.8729326712294534
   1   547   A  0.8817356703569387
   1   548   A  0.8426262005147034
   1   549   U  0.6765002487422458
   1   550   A  0.8227238589561072
   1   551   G  0.8284542140919103
   1   552   A  0.8140089924425261
   1   553   A  0.6025865302993391
   1   554   C  0.7911887245540996
   1   555   C  0.8174962189501921
   1   556   U  0.7957055054476757
   1   557   G  0.8113203060022465
   1   558   A   0.814475567164433
   1   559   A  0.8782324739049395
   1   560   A  0.8989025211473116
   1   561   C  0.9058976382658231
   1   562   C  0.8742640716903242
   1   563   G  0.8871944404279338
   1   564   U   0.875387025436131
   1   565   G  0.8617954160095912
   1   566   U  0.7959854103843252
   1   567   G  0.8633654252608022
   1   568   C  0.9091526770470029
   1   569   U  0.9079465706298606
   1   570   U  0.8912863699627146
   1   571   A  0.8809179522992313
   1   572   C  0.8742231437704847
   1   573   A  0.8946931438661682
   1   574   A  0.8948340158516089
   1   575   G  0.8547851042740771
   1   576   U  0.8965424935606021
   1   577   A  0.8923684849722897
   1   578   G  0.8348498748775274
   1   579   U  0.8655445918913232
   1   580   C   0.880416670510768
   1   581   A  0.8899722643180248
   1   582   G  0.8769164988996843
   1   583   A  0.8896458099373252
   1   584   G  0.8852772313898319
   1   585   C  0.8810914623762196
   1   586   C  0.8814443119110138
   1   587   C  0.8566066460941344
   1   588   G  0.8529215651757539
   1   589   U  0.8559563924287493
   1   590   U  0.8448673611182523
   1   591   A  0.8322029111579079
   1   592   A  0.7708510380625498
   1   593   U  0.7128235832471539
   1   594   G  0.8610844817164491
   1   595   G  0.9038102118432667
   1   596   G  0.8731773355020157
   1   597   U  0.8911194625915383
   1   598   G  0.8579439866709555
   1   599   A  0.8986629163455758
   1   600   U  0.8659197120676073
   1   601   G  0.8701629947719832
   1   602   G  0.8793783463227864
   1   603   C  0.8708433810196742
   1   604   G  0.8767029528735568
   1   605   U  0.8788585040496772
   1   606   G  0.8614503167824822
   1   607   C  0.8675073588334397
   1   608   C  0.8966827380257847
   1   609   U  0.8712449877857855
   1   610   U  0.8235621472517582
   1   611   U   0.878686287284766
   1   612   U  0.9086022440452732
   1   613   G  0.8757857128516209
   1   614   U  0.8585955060446738
   1   615   A  0.8253295623241943
   1   616   G  0.8356958704947695
   1   617   A  0.7422462700095401
   1   618   A   0.872186127217102
   1   619   U   0.884078021972891
   1   620   G  0.9069297615104653
   1   621   A  0.8743473034138314
   1   622   A  0.8981743605912434
   1   623   C  0.8946514564461089
   1   624   C   0.910554638583923
   1   625   G  0.8864573862638093
   1   626   G  0.8816919050748032
   1   627   C  0.8327378927059637
   1   628   G  0.8409166403319764
   1   629   A  0.8252701119725405
   1   630   G  0.8348779331377889
   1   631   U  0.7940709754229046
   1   632   U   0.866036653273058
   1   633   A  0.8890036805918066
   1   634   C  0.8526422361712052
   1   635   G  0.8567279137674316
   1   636   A  0.8785517855332121
   1   637   U  0.8789321272761633
   1   638   U  0.8769621736406581
   1   639   U  0.8654669812246966
   1   640   G  0.8586732512743287
   1   641   A  0.8798461511147749
   1   642   U  0.8698053299063456
   1   643   G  0.8842329806836282
   1   644   C  0.8845273074737782
   1   645   A  0.8646689187011299
   1   646   A  0.8359896408243633
   1   647   G  0.8520906607688796
   1   648   G  0.8944141693532174
   1   649   U  0.8228066909205802
   1   650   U   0.738355744628764
   1   651   A  0.7498186693802216
   1   652   A  0.8285712244871059
   1   653   G  0.8588205155617001
   1   654   C  0.8661117714422082
   1   655   A  0.7959528329806879
   1   656   G  0.6616136422861915
   1   657   U  0.6308661782495091
   1   658   A  0.7611991900687801
   1   659   A  0.5302444130300356
   1   660   A 0.39227340859977394
   1   661   U   0.665217861038886
   1   662   G  0.8317315475318241
   1   663   U  0.8530109401992688
   1   664   G  0.7911511340870947
   1   665   G  0.7602780676352277
   1   666   A  0.6706807909139709
   1   667   G  0.7055798116869202
   1   668   C  0.8009262987057462
   1   669   C  0.8632201601744114
   1   670   G   0.890115682645175
   1   671   U   0.850171179301073
   1   672   A  0.8038044702567236
   1   673   G  0.7979915804666039
   1   674   C  0.8359569587052935
   1   675   G  0.8373876705369121
   1   676   A  0.8516065819913549
   1   677   A  0.8939419393145833
   1   678   A   0.888248837127586
   1   679   G  0.8585532986403636
   1   680   C  0.8576443919710119
   1   681   G  0.8228096481262469
   1   682   A   0.746613689818932
   1   683   G    0.82431622446256
   1   684   U  0.8407693888155118
   1   685   C  0.8534293949399355
   1   686   U  0.8235504968771588
   1   687   G   0.770531549015351
   1   688   A  0.7652503937474369
   1   689   A  0.7847747850049394
   1   690   U  0.4597121417755111
   1   691   A  0.7612715121504904
   1   692   G  0.8156484594329567
   1   693   G  0.8050048037797726
   1   694   G  0.7728884195107141
   1   695   C  0.7659479402641853
   1   696   G  0.7424549048310225
   1   697   U  0.6946550558065705
   1   698   U  0.3492788698283372
   1   699   U   0.354574060654247
   1   700   A  0.7863860758813472
   1   701   G  0.8662691996702409
   1   702   U   0.881567123422043
   1   703   A  0.8813612666467611
   1   704   U  0.8779478064860088
   1   705   U  0.8812864685579871
   1   706   U  0.8684141416789892
   1   707   G  0.8821801275312745
   1   708   G  0.8928724951300956
   1   709   U  0.8888040923018153
   1   710   C  0.9038655347256408
   1   711   G  0.8990523140386677
   1   712   U  0.8807152840642959
   1   713   A  0.8798035143094789
   1   714   G   0.878813335515686
   1   715   A   0.890163395227106
   1   716   C  0.8845086437804636
   1   717   C  0.9018998782667402
   1   718   C  0.9014441934245059
   1   719   G  0.8511591098083624
   1   720   A  0.8133860268541873
   1   721   A  0.7791360392287248
   1   722   A  0.7978430445790642
   1   723   C  0.8352853300971937
   1   724   C  0.8713999433307884
   1   725   A   0.871273347454025
   1   726   G  0.8408168478993355
   1   727   G  0.8239193261683354
   1   728   U  0.8897994863127202
   1   729   G  0.9153793805970992
   1   730   A  0.8956653550212704
   1   731   U  0.8017247911342692
   1   732   C  0.8918557149702369
   1   733   U  0.8879770738109659
   1   734   A  0.9029339609796732
   1   735   C  0.8907665849747005
   1   736   C  0.8615955965780653
   1   737   C  0.8774430248834331
   1   738   U  0.8599652345731149
   1   739   U  0.8469381338088952
   1   740   G  0.8459564275624079
   1   741   G  0.8582260630287215
   1   742   U  0.8729960187995083
   1   743   C  0.8680036818299226
   1   744   A  0.8463978530806355
   1   745   G  0.8114154385884501
   1   746   G    0.76184141670267
   1   747   U  0.7361333664505547
   1   748   U  0.8235608342738004
   1   749   G  0.8480222259353023
   1   750   A   0.886690067594272
   1   751   A  0.8790693660410144
   1   752   G  0.8304577690813818
   1   753   U  0.7681532520526235
   1   754   U  0.7549747226357625
   1   755   C  0.6896429677270488
   1   756   A  0.6170210049527094
   1   757   G   0.589583333853955
   1   758   G   0.511487404171199
   1   759   U   0.572048141151917
   1   760   A  0.7172318977143836
   1   761   A  0.6816251037365152
   1   762   C  0.4958187454034759
   1   763   A  0.3314059945541185
   1   764   C  0.5548661620692088
   1   765   U  0.6550765127457833
   1   766   G  0.6941690198241994
   1   767   A   0.744409030397228
   1   768   A  0.7744165576218954
   1   769   U  0.8033553965043614
   1   770   G   0.817469541680935
   1   771   G  0.8508158350759651
   1   772   A  0.8992941141916025
   1   773   G  0.8566128260167768
   1   774   G  0.8627077144671507
   1   775   A  0.8689287541550139
   1   776   C  0.8373313604964148
   1   777   C  0.8855605132486085
   1   778   G  0.8412677608235004
   1   779   A  0.8761869178779451
   1   780   A  0.8838015110706079
   1   781   C  0.8663238205423937
   1   782   C   0.846702089804652
   1   783   G  0.8872063763779842
   1   784   A  0.8520637322758412
   1   785   C  0.8793162972572741
   1   786   U  0.8860918013613653
   1   787   U  0.8781973725533373
   1   788   A  0.8917824765961194
   1   789   C  0.8835886778692698
   1   790   G  0.7819292047810139
   1   791   U  0.7235029399049293
   1   792   U  0.7330505366330886
   1   793   G  0.7219045251545377
   1   794   A  0.8216051815861617
   1   795   A  0.8255485684441914
   1   796   A  0.7784093495416332
   1   797   A  0.8362081008557806
   1   798   G  0.8822466416931621
   1   799   U  0.8847431411937281
   1   800   G  0.8956542112210805
   1   801   A  0.8562772235385182
   1   802   G   0.862149406656237
   1   803   C  0.8923286714138151
   1   804   G  0.8994756756707663
   1   805   G  0.8679922875092363
   1   806   A  0.8402517470000129
   1   807   U  0.8787719148572323
   1   808   G  0.8703579013798425
   1   809   A  0.8434788269325459
   1   810   A  0.8605819861084948
   1   811   C  0.8620674356008924
   1   812   U  0.8530908727073393
   1   813   G  0.8729956194849455
   1   814   A  0.8781284395198796
   1   815   G  0.8707036672457614
   1   816   G  0.8650471534358443
   1   817   G  0.8812436739604559
   1   818   U  0.8848545973238361
   1   819   A  0.8923894897117572
   1   820   G  0.8942483028966043
   1   821   C  0.8598748653339957
   1   822   G   0.878772528476243
   1   823   G  0.8922375846409957
   1   824   A  0.8957328153926503
   1   825   G  0.8738755429143523
   1   826   A  0.8873393418225491
   1   827   A  0.8321624655077599
   1   828   A  0.7973513127397163
   1   829   U  0.7373765897322688
   1   830   U  0.7865976160677142
   1   831   C  0.8007409618690563
   1   832   C  0.8634240048595944
   1   833   A  0.8987229689796089
   1   834   A  0.8208117651391001
   1   835   U  0.6383695325800662
   1   836   C  0.8409649203932121
   1   837   G  0.8579733845964085
   1   838   A   0.844589300791492
   1   839   A  0.8858704132254687
   1   840   C  0.8723031013204765
   1   841   C  0.8670492092482005
   1   842   U  0.8870365302917974
   1   843   G  0.8740666880094834
   1   844   G  0.8890369808967092
   1   845   A   0.849024275898003
   1   846   G  0.8140333813315245
   1   847   A  0.8275184325143968
   1   848   U  0.7656361835328381
   1   849   A  0.8132167763375939
   1   850   G  0.8751818057619125
   1   851   C  0.8501259174511275
   1   852   U   0.886657297969173
   1   853   G  0.8939463912960119
   1   854   G  0.8182640004104329
   1   855   U  0.7340169661494703
   1   856   U  0.7533210137000906
   1   857   C  0.7977135519851646
   1   858   U   0.841004588070897
   1   859   C    0.86599921576803
   1   860   U  0.9026488689457391
   1   861   C  0.8894277700281111
   1   862   C  0.8881074659251171
   1   863   G  0.8773346734868511
   1   864   A  0.9028494261250676
   1   865   A  0.9256907403274398
   1   866   A  0.9239428066154023
   1   867   U  0.8933132681818919
   1   868   A  0.8717878360503745
   1   869   G  0.8926780211043593
   1   870   C   0.885251952988248
   1   871   U  0.8721997054890193
   1   872   U  0.8545575848635891
   1   873   U  0.8879175405701513
   1   874   A  0.8534474316599004
   1   875   G  0.8738990914382406
   1   876   G  0.8879131991406469
   1   877   G  0.8932388688972768
   1   878   C  0.8956776981579321
   1   879   U  0.9098334275577158
   1   880   A  0.8970400769784719
   1   881   G   0.874365548354766
   1   882   C  0.8817734353950952
   1   883   C  0.9065827059727646
   1   884   U  0.8836998228466388
   1   885   C  0.8896631546055502
   1   886   A  0.8451718596029404
   1   887   A  0.7913422101815085
   1   888   G  0.7875114272364413
   1   889   U  0.7674919743254122
   1   890   G  0.7047492163599051
   1   891   A  0.7434630862233459
   1   892   U  0.8159592134087573
   1   893   G  0.8019619732120102
   1   894   A   0.790990282013822
   1   895   U  0.8050878175938428
   1   896   U  0.7536182634155918
   1   897   A  0.7437905861876438
   1   898   U  0.8272530924356333
   1   899   U  0.8528700345035495
   1   900   G  0.8653152882785097
   1   901   G  0.8897594874494991
   1   902   A  0.8726936600832137
   1   903   G  0.8091897904216572
   1   904   G  0.7975777913299366
   1   905   U   0.827631380727552
   1   906   A  0.9004254653773258
   1   907   G  0.8845565367244811
   1   908   A  0.8902880024210346
   1   909   G  0.8876044389416681
   1   910   C  0.8594389487010652
   1   911   A  0.8639818687647365
   1   912   C  0.8658756604284465
   1   913   U  0.8190735756925649
   1   914   G  0.8568770579656202
   1   915   U  0.8354158598748804
   1   916   U  0.8640162081327747
   1   917   U   0.862845257425986
   1   918   G  0.8386563123773052
   1   919   G  0.7834889999327299
   1   920   A  0.7080646976216581
   1   921   C  0.5628546521456678
   1   948   U  0.7041015719953758
   1   949   C  0.7582274446755141
   1   950   A  0.8151408849245534
   1   951   G  0.8453766677376909
   1   952   A  0.8421283246390772
   1   953   C  0.8914081126464117
   1   954   A  0.9044218705396809
   1   955   A  0.8591081781900087
   1   956   A  0.8866126805749133
   1   957   C  0.9044070684262286
   1   958   U  0.8438533324130086
   1   959   C  0.8750447770070662
   1   960   C  0.8783570127229082
   1   961   G  0.8887485818317507
   1   962   A   0.865027287946317
   1   963   A  0.8494459821538312
   1   964   U  0.8093373622228907
   1   965   G  0.8661401779338944
   1   966   C  0.9031244236607578
   1   967   C  0.9006472086924001
   1   968   A  0.8872276335778068
   1   969   A  0.8224552933347161
   1   970   U 0.46416320449447773
   1   971   U  0.5747407336555608
   1   972   A  0.7124212611805857
   1   973   A  0.7422725843875709
   1   974   U   0.727788922264381
   1   975   U  0.7476930049692992
   1   976   U   0.816678058067174
   1   977   A  0.8488781427999843
   1   978   A   0.864779678905033
   1   979   C  0.8504456492061748
   1   980   U  0.8598442760129636
   1   981   U  0.8309804322182311
   1   982   G   0.868126622773103
   1   983   G  0.8937637636456026
   1   984   G  0.8872814679457903
   1   985   A  0.8668366649457111
   1   986   G  0.8703904279253689
   1   987   U  0.8459937988302892
   1   988   C  0.8939915822182444
   1   989   A  0.8620737180777232
   1   990   G  0.8749274080831447
   1   991   A  0.9055851211475067
   1   992   A  0.8883592808908303
   1   993   C  0.8949540828204269
   1   994   A  0.8877806576435228
   1   995   U  0.8226137726620165
   1   996   G  0.8635210823819494
   1   997   G  0.8863306458501385
   1   998   G  0.8967316922268131
   1   999   U   0.892724871905772
   1  1000   G   0.885010446871073
   1  1001   A   0.887646328328333
   1  1002   U  0.8520338489738677
   1  1003   A  0.8804099384101771
   1  1004   A  0.9112764208111992
   1  1005   G  0.8846344358699955
   1  1006   G  0.8991769704662753
   1  1007   U  0.8488283375126012
   1  1008   C  0.9080556782103986
   1  1009   C  0.9051383081453722
   1  1010   G  0.8932720358985242
   1  1011   U  0.8566424647933103
   1  1012   G  0.8833308642071297
   1  1013   U  0.8781210416664097
   1  1014   U  0.9184882785147424
   1  1015   C  0.9201003001440062
   1  1016   G  0.9029535649986437
   1  1017   A  0.8961755716045288
   1  1018   A  0.9041144810006058
   1  1019   A  0.8621771234720819
   1  1020   G  0.9071181369424802
   1  1021   G  0.9131114197261812
   1  1022   G  0.9106205024804247
   1  1023   A  0.8749075532555287
   1  1024   A  0.8649995516996849
   1  1025   A   0.849388738995745
   1  1026   C  0.8274978296770626
   1  1027   A  0.8241473170748269
   1  1028   G  0.8770211329254647
   1  1029   C  0.9021527180857026
   1  1030   C  0.8983257679760422
   1  1031   C   0.923844665351932
   1  1032   A  0.8927282575068504
   1  1033   G  0.8846461933159122
   1  1034   A  0.8847898093736056
   1  1035   C  0.8855063757521989
   1  1036   C  0.8740250268103212
   1  1037   A  0.8620816020637205
   1  1038   C    0.85939525339783
   1  1039   C  0.7901667531152651
   1  1040   A  0.8894441678569306
   1  1041   G  0.8903687528652027
   1  1042   C  0.8589643692398419
   1  1043   U  0.8516937325427946
   1  1044   A  0.8932123960300551
   1  1045   A  0.8920939886597384
   1  1046   G   0.881224241605665
   1  1047   G  0.8830132583504612
   1  1048   U  0.8971964517757435
   1  1049   C  0.8858244880951335
   1  1050   C  0.8768071888542452
   1  1051   C  0.8998618929446747
   1  1052   A  0.8998336064820647
   1  1053   A  0.8852876817238436
   1  1054   A  0.8749182232412033
   1  1055   A  0.8643850061899592
   1  1056   U  0.8324470283695242
   1  1057   A  0.8436914316966588
   1  1058   U  0.8289437363757831
   1  1059   A  0.8343351241673248
   1  1060   U  0.7838959246718078
   1  1061   G  0.7971043736541575
   1  1062   U  0.8185429173662698
   1  1063   U  0.7237219462862101
   1  1064   A  0.6855829932843058
   1  1065   A  0.6726108337709249
   1  1066   G  0.7293777403541889
   1  1067   U  0.6774189372794539
   1  1068   G  0.7828029987196166
   1  1069   G   0.825566912457218
   1  1070   A  0.7110215342961619
   1  1071   A  0.8405931628752472
   1  1072   A  0.8873865574379317
   1  1073   A  0.8976089695490452
   1  1074   G  0.9025805548879541
   1  1075   G  0.8837430627577327
   1  1076   A  0.8759990823030581
   1  1077   U   0.780011274630541
   1  1078   G  0.8297660479203169
   1  1079   U  0.8160103663684816
   1  1080   G  0.8045644586227406
   1  1081   G  0.7794492631780391
   1  1082   C  0.7001503210380858
   1  1083   G  0.6709602927495525
   1  1084   U  0.6419061454342102
   1  1085   U  0.6386895326669169
   1  1086   G  0.6247416710922484
   1  1087   C  0.6458144904660769
   1  1088   C  0.5906968958292753
   1  1156   G   0.570515916151499
   1  1157   U  0.7142981497965012
   1  1158   G  0.6853992049301202
   1  1159   A  0.6677335853557508
   1  1160   C  0.7121990176364424
   1  1161   A  0.7549749780207151
   1  1162   C  0.7283434955853378
   1  1163   U  0.8062875302765139
   1  1164   G  0.8403505408759798
   1  1165   C  0.8580274621519307
   1  1166   G  0.8055755873257541
   1  1167   C   0.788127962909127
   1  1168   C  0.8513172640855351
   1  1169   G  0.8881655858485447
   1  1170   A  0.8749878711638815
   1  1171   A  0.8757014035476335
   1  1172   A   0.860848380210439
   1  1173   A  0.8867705102699713
   1  1174   U  0.9007322310744535
   1  1175   G  0.8684231741837952
   1  1176   U  0.8645603162814601
   1  1177   A  0.8781779925111028
   1  1178   C  0.6486441722024969
   1  1179   C  0.8205771999860875
   1  1180   G  0.8815824649938715
   1  1181   G  0.8902808900441954
   1  1182   G  0.8951113949600416
   1  1183   G  0.8952978994322749
   1  1184   C  0.8188827717425857
   1  1185   U  0.6579694620659224
   1  1186   A     0.6974406053275
   1  1187   A  0.7931247423506336
   1  1188   A   0.818079183984325
   1  1189   C  0.8455277341165404
   1  1190   A  0.8523728108670824
   1  1191   U  0.8154532474163686
   1  1192   A  0.7458615942496577
   1  1193   U  0.7617472671611616
   1  1194   U  0.8054560473053519
   1  1195   A  0.8602091858484774
   1  1196   C   0.898476054615503
   1  1197   C  0.8707361670877389
   1  1198   G  0.8719565507772374
   1  1199   A  0.8725143242646737
   1  1200   A   0.853976921111349
   1  1201   G  0.8389435459762027
   1  1202   C  0.7860016220287187
   1  1203   U  0.7863540618538325
   1  1204   G  0.8525259155144398
   1  1205   U  0.8835847049023626
   1  1206   G  0.8907529804505808
   1  1207   G  0.8781845112770266
   1  1208   A  0.8446253174249664
   1  1209   U  0.8798638600507735
   1  1210   U  0.7948047222957105
   1  1211   G  0.6853980171932604
   1  1212   U  0.6143352726596452
   1  1213   C  0.5665693344082473
   1  1214   C  0.4676925060576147
   1  1215   U  0.4333246004552756
   1  1216   U  0.2985721963992212
   1  1217   U  0.5204754823687662
   1  1218   G  0.3765825865199325
   1  1219   G   0.552144994844998
   1  1220   A  0.6622672240687583
   1  1221   C  0.7188159114971867
   1  1222   A  0.7861032551508159
   1  1223   A  0.8360067495409074
   1  1224   U  0.8716022231739006
   1  1225   G  0.8621669718786473
   1  1226   G  0.8411617879678042
   1  1227   U   0.861239882795453
   1  1228   A  0.8000792803883027
   1  1229   G  0.7056353944379175
   1  1230   G  0.8028962053740057
   1  1231   A  0.8407894755312325
   1  1232   G  0.8995542138515866
   1  1233   A  0.8796037783656097
   1  1234   G  0.8805594989666466
   1  1235   C  0.9020542708838282
   1  1236   G  0.9076067554641586
   1  1237   U   0.892364605664016
   1  1238   U  0.8805221654404919
   1  1239   C  0.8732551454888754
   1  1240   U  0.8696097041130973
   1  1241   A  0.8839293951877045
   1  1242   A   0.874633044934615
   1  1243   G  0.8661888107830599
   1  1244   G  0.8578904112301388
   1  1245   G  0.8518148868807776
   1  1246   C  0.8749745278204542
   1  1247   G  0.8833976904752399
   1  1248   U   0.865389744536361
   1  1249   U  0.8270719762866896
   1  1250   G   0.869717288636471
   1  1251   A  0.8847443422823313
   1  1252   A  0.8373882521541114
   1  1253   G  0.7857052461955679
   1  1254   C  0.8046329348784429
   1  1255   A    0.88581068717401
   1  1256   U  0.8857549962968101
   1  1257   G  0.8737359882495678
   1  1258   A   0.878377543250908
   1  1259   U  0.8940070146828208
   1  1260   C  0.8648498774274935
   1  1261   G  0.8423594548120427
   1  1262   U  0.8298417944986246
   1  1263   A  0.8909745572484966
   1  1264   A  0.8944724874106472
   1  1265   G  0.9046718410501952
   1  1266   G  0.9012265415365942
   1  1267   A  0.8626971541714147
   1  1268   C  0.8511285594251752
   1  1269   A  0.8563760156889534
   1  1270   U  0.8560610267450102
   1  1271   G  0.8641999057913388
   1  1272   U  0.8164870560896169
   1  1273   G  0.7707455161583201
   1  1274   G  0.7469629263933223
   1  1275   A  0.8048923950090352
   1  1276   G  0.8857788549938188
   1  1277   C  0.8738346774006538
   1  1278   G  0.8666639028195162
   1  1279   C  0.8659237281183971
   1  1280   U  0.8424303182707761
   1  1281   U  0.8640788552513113
   1  1282   A  0.8980358105992883
   1  1283   G  0.9070950814800265
   1  1284   A  0.8955559758737428
   1  1285   A  0.9003705762828605
   1  1286   G  0.8546658036534444
   1  1287   U  0.8403513196237887
   1  1288   G  0.7909329644791699
   1  1289   A  0.7878151218090533
   1  1290   G  0.7744383018641615
   1  1291   A  0.7803376766103111
   1  1292   A  0.8829839805228857
   1  1293   U  0.8799941813243863
   1  1294   G  0.8878084359326809
   1  1295   C  0.8824187857739733
   1  1296   C  0.9014780939813959
   1  1297   G  0.8941926742962192
   1  1298   G  0.9046704245656727
   1  1299   U  0.8850294011646468
   1  1300   G  0.8779728984306188
   1  1301   U  0.8703063034521715
   1  1302   G   0.881939672496098
   1  1303   A  0.8738959126586516
   1  1304   G  0.8564673979632115
   1  1305   U  0.8678012121305412
   1  1306   A  0.8802096242200174
   1  1307   G  0.8797254909561013
   1  1308   C   0.908794485150286
   1  1309   G  0.8865552411143465
   1  1310   A  0.8198066170247864
   1  1311   A   0.783812988918804
   1  1312   A  0.8245344741743447
   1  1313   G  0.8619980221718996
   1  1314   A  0.8689493125227604
   1  1315   C   0.873713200090583
   1  1316   G  0.8899235280328606
   1  1317   G  0.8742639209823522
   1  1318   G  0.8631501446829294
   1  1319   U  0.8418294498664461
   1  1320   G  0.8495615563231547
   1  1321   A  0.8622333411583561
   1  1322   G  0.8575530966700042
   1  1323   A  0.8836376803206204
   1  1324   A  0.8604243084630769
   1  1325   U  0.8906374626423126
   1  1326   C  0.8979573329221067
   1  1327   C  0.8765035535395664
   1  1328   C  0.8787019238523227
   1  1329   G  0.8675510138340033
   1  1330   U  0.8642742653892153
   1  1331   C  0.8556894216763162
   1  1332   C  0.8719989243720162
   1  1333   A  0.8852662298885943
   1  1334   C  0.8815145228959549
   1  1335   C  0.8631158583786658
   1  1336   G  0.8893579849671283
   1  1337   A  0.8511212431886819
   1  1338   U  0.7780284680520873
   1  1339   U  0.8370960044509527
   1  1340   G  0.8622139235663654
   1  1341   A  0.8371932679060399
   1  1342   C   0.825380911718201
   1  1343   U  0.7996251475217357
   1  1344   A  0.8242712630157304
   1  1345   A  0.8426983498348346
   1  1346   G  0.8089273554448198
   1  1347   G  0.8520853394035811
   1  1348   U   0.831791034545641
   1  1349   U  0.8625085428167872
   1  1350   U  0.8715111606896105
   1  1351   C  0.9017803371003087
   1  1352   C  0.8644556100680353
   1  1353   A  0.8732241724790011
   1  1354   G  0.8446117212097006
   1  1355   A  0.8168483993267364
   1  1356   G  0.8526367625999753
   1  1357   G  0.8627219377709985
   1  1358   A  0.8607130349250712
   1  1359   A  0.8723775785660846
   1  1360   G  0.8715698652405578
   1  1361   G   0.866258536060834
   1  1362   C  0.8832629322494561
   1  1363   U  0.8760651539581248
   1  1364   C  0.8484288726814112
   1  1365   G  0.8815504782743667
   1  1366   U  0.9265052577525346
   1  1367   C  0.8961825285851216
   1  1368   C  0.9024305063081517
   1  1369   G  0.8830112727653645
   1  1370   C  0.9134697101155321
   1  1371   U  0.8760298541474332
   1  1372   C  0.8819306791885001
   1  1373   U  0.8484729289855313
   1  1374   G  0.8399076397843133
   1  1375   G  0.8708169467557244
   1  1376   G  0.8826591813378081
   1  1377   U  0.8675015432788864
   1  1378   U  0.8839002080847865
   1  1379   A  0.8534719556315157
   1  1380   G  0.8722810899152939
   1  1381   U  0.8550610045569798
   1  1382   C  0.8217184794604081
   1  1383   G  0.8358548175463006
   1  1384   G  0.8367495918296315
   1  1385   G  0.8986658371076391
   1  1386   U  0.8808779687582591
   1  1387   C  0.8729992223267503
   1  1388   C   0.888561869668681
   1  1389   U  0.7957459316566142
   1  1390   A  0.7826402098239332
   1  1391   A  0.8239281892910244
   1  1392   G  0.8513412743235916
   1  1393   C   0.855311860400412
   1  1394   U  0.8449975063874151
   1  1395   G  0.7995061447999608
   1  1396   A   0.862475888279298
   1  1397   G  0.8461746891073002
   1  1398   G  0.8854874437253387
   1  1399   C  0.8986368362912682
   1  1400   C  0.8916219446861052
   1  1401   G  0.8636703212474632
   1  1402   A  0.8490756396667571
   1  1403   C  0.8678776075698043
   1  1404   A  0.8592375147226597
   1  1405   G  0.8699245664542685
   1  1406   G  0.8955900626902579
   1  1407   C  0.8602265027394135
   1  1408   G  0.8872613731532137
   1  1409   U  0.8372927160646382
   1  1410   A  0.8505001295028245
   1  1411   G  0.8234555180020484
   1  1412   G  0.8395797742208638
   1  1413   C  0.8509743328286321
   1  1414   G  0.7967622868177868
   1  1415   A  0.7890137187493389
   1  1416   U  0.7599155043212035
   1  1417   G  0.8439094206926407
   1  1418   G  0.8774638888079864
   1  1419   A  0.8706538012780998
   1  1420   U  0.8256608784886056
   1  1421   A  0.8457470046895933
   1  1422   A  0.8695702339370605
   1  1423   C  0.8702093628583992
   1  1424   A  0.8646053898121122
   1  1425   G  0.8393483043166342
   1  1426   G  0.8499913862559907
   1  1427   U  0.8306468880185492
   1  1428   U  0.8050157722621193
   1  1429   G  0.8558998400950778
   1  1430   A  0.8803018238462281
   1  1431   U  0.8454490328811608
   1  1432   A  0.8112202371453979
   1  1433   U  0.8045640381728113
   1  1434   U  0.8908560944365654
   1  1435   C  0.8892739736284351
   1  1436   C  0.8901964298283848
   1  1437   U  0.8901138494327467
   1  1438   G  0.8764104544021947
   1  1439   U  0.8659195161358808
   1  1440   A  0.8595755976879773
   1  1441   C  0.8383462102149373
   1  1442   C  0.8452139020523056
   1  1443   A  0.8794012077833574
   1  1444   C  0.8298158258336212
   1  1445   C    0.83205163651874
   1  1446   U  0.7972282418982557
   1  1447   A  0.6543501313344868
   1  1448   U 0.49562576785351853
   1  1459   A  0.6254407608178044
   1  1460   U  0.6871609358898099
   1  1461   C  0.7265876601170251
   1  1462   G  0.7045843670984849
   1  1463   A  0.7413982012831837
   1  1464   U  0.6967273193895228
   1  1465   G  0.8398967828999875
   1  1466   G  0.8315635104593816
   1  1467   G  0.8453886127005082
   1  1468   G  0.8312144324768593
   1  1469   G  0.8166532317619923
   1  1470   G  0.8541730618894585
   1  1471   A   0.864882564047277
   1  1472   C  0.8155512598078265
   1  1473   G  0.8525754204838495
   1  1474   C  0.8708353895377895
   1  1475   A  0.8846445247610226
   1  1476   G  0.8752165742417921
   1  1477   U  0.8126689035331486
   1  1478   A  0.8092799219355233
   1  1479   G  0.8068297545635906
   1  1480   G  0.8301548037457561
   1  1481   A  0.8368244960167491
   1  1482   U    0.85832258558815
   1  1483   A  0.8348262601045184
   1  1484   G  0.8401469636564897
   1  1485   G  0.8356682159074739
   1  1486   C  0.7816544381860615
   1  1487   G  0.6886580225933052
   1  1488   A  0.5940437085516121
   1  1489   A  0.3265115994475262
   1  1490   G  0.5608497881441841
   1  1491   C  0.6340568008196336
   1  1492   G  0.6331466902280751
   1  1493   U  0.6304451549533867
   1  1494   G  0.6876626785727242
   1  1495   C  0.6957772324524094
   1  1496   G  0.7500377491555376
   1  1497   A 0.48426333588307746
   1  1498   U  0.7430269332186734
   1  1499   U  0.7821212663556025
   1  1500   G   0.789768673328273
   1  1501   G  0.8125775204734945
   1  1502   A  0.7837873573219023
   1  1503   U   0.493744589243566
   1  1504   U   0.693206034454156
   1  1505   G  0.7667557231107259
   1  1506   C  0.6943315131468167
   1  1507   A  0.6198657881331443
   1  1508   C   0.581601705292886
   1  1509   G 0.48815229607531013
   1  1510   U  0.5523210210604628
   1  1511   C  0.7972505614965402
   1  1512   U  0.8283623784437625
   1  1513   A  0.8138907071678404
   1  1514   A  0.7304122523798083
   1  1515   G  0.6267002954083185
   1  1516   C  0.6463127910460137
   1  1517   A  0.6923554392889917
   1  1518   G  0.7038885186128948
   1  1519   U  0.7504728736937797
   1  1520   A  0.7301114635953141
   1  1521   A  0.6551901736324247
   1  1522   G  0.6689835304346439
   1  1523   G  0.6700921481193455
   1  1530   A  0.6185158501956942
   1  1540   U  0.6980236908113265
   1  1541   C   0.800452405376476
   1  1542   C  0.8135568821237968
   1  1543   G  0.6617517106675795
   1  1544   G  0.7631882706901788
   1  1545   U  0.7127054549961639
   1  1546   A  0.6250311238746492
   1  1547   C  0.5522444864842638
   1  1556   G  0.5104963962709859
   1  1557   C  0.6717909838426114
   1  1558   U  0.5510854335939643
   1  1559   G  0.5577691970603285
   1  1560   A  0.7441871382377219
   1  1561   G  0.7902519103721315
   1  1562   C  0.7836238451962548
   1  1563   U  0.7949019404741836
   1  1564   G  0.7173550612427914
   1  1565   U  0.5951303901399795
   1  1566   G   0.572918388785511
   1  1567   A    0.69579774367746
   1  1568   U  0.7507073716417981
   1  1569   G  0.7005450455721944
   1  1570   G  0.7639596447848463
   1  1571   G  0.8421138226900832
   1  1572   G  0.7767423177257068
   1  1573   A  0.6537781416259932
   1  1574   G  0.6558626710758773
   1  1575   A  0.5254627131329319
   1  1576   A  0.5617284025661156
   1  1577   G  0.4629875708020981
   1  1578   A 0.30853606503575237
   1  1579   C 0.24164633079979364
   1  1580   A  0.4219237678065379
   1  1581   U 0.40145841328554305
   1  1582   U 0.39588684130839075
   1  1583   G  0.4215132419271487
   1  1584   U 0.43197663917399753
   1  1585   G   0.375620372091751
   1  1586   U  0.4660272309267858
   1  1587   C  0.3942349379856182
   1  1588   U  0.5639618117463712
   1  1589   U  0.7007256552590004
   1  1590   C  0.6498631331731431
   1  1591   G  0.5795039241598936
   1  1592   A  0.6216256589701753
   1  1593   G  0.7467060181344717
   1  1594   U  0.6781621977449463
   1  1595   C  0.6441408054296776
   1  1596   G   0.551123411906744
   1  1597   U  0.5054152786099898
   1  1598   U  0.6538747021905735
   1  1599   G  0.6753452754571256
   1  1600   A  0.6587038910997528
   1  1601   U  0.7498552799513426
   1  1602   U  0.7694209194565254
   1  1603   U  0.8012893359372099
   1  1604   C  0.8010002813756093
   1  1605   A  0.5589743821604701
   1  1606   C  0.8433557821750969
   1  1607   A  0.8139299897702669
   1  1608   C   0.849294666692311
   1  1609   U  0.8436338254976062
   1  1610   G  0.8513200749531152
   1  1611   C  0.8512173128927097
   1  1612   C  0.8336963723391723
   1  1613   G  0.8017973193407242
   1  1614   A  0.8525430329459339
   1  1615   G   0.857634608307198
   1  1616   A  0.8627012660576036
   1  1617   A  0.8670479324661362
   1  1618   A  0.8718793257683182
   1  1619   A  0.8781902843557434
   1  1620   G  0.8770326890437324
   1  1621   C  0.8343971827637778
   1  1622   C  0.8281744672677991
   1  1623   U  0.8455849716816917
   1  1624   C  0.8268029977693699
   1  1625   U  0.8056126886358779
   1  1626   A  0.7711792677578944
   1  1627   G  0.6240419532920161
   1  1638   G  0.7055804376958187
   1  1639   G  0.8264079814464417
   1  1640   U  0.8753593484622526
   1  1641   G  0.8877057214322903
   1  1642   C   0.878081156628884
   1  1643   C  0.9039818191510939
   1  1644   C  0.8760852425538481
   1  1645   G  0.8661760719181613
   1  1646   U  0.8213404391678029
   1  1647   A   0.868340471456465
   1  1648   C   0.847579394678823
   1  1649   C  0.8939439476373027
   1  1650   G   0.839555065534463
   1  1651   C  0.8236323539793499
   1  1652   A  0.8347193781802541
   1  1653   A  0.8689085858952216
   1  1654   A  0.8667599658038118
   1  1655   C  0.8622677372665747
   1  1656   C  0.8971365237697659
   1  1657   G  0.8662508603725262
   1  1658   A   0.779810976935403
   1  1659   C  0.8715022875368146
   1  1660   A  0.8843292964043672
   1  1661   C  0.9122308201778013
   1  1662   A   0.865049397374757
   1  1663   G     0.8653824043617
   1  1664   G   0.866779017309647
   1  1665   U  0.8559419000955515
   1  1666   A  0.8538150584611254
   1  1667   G  0.8825941249030991
   1  1668   U  0.8782885635988761
   1  1669   C  0.8428233210507364
   1  1670   A  0.8176601961521922
   1  1671   A  0.8812591578777987
   1  1672   G  0.9072895269031837
   1  1673   A  0.8775455539840793
   1  1674   U  0.7790973029328538
   1  1675   G  0.7227847245055878
   1  1676   A  0.6926089139607319
   1  1677   G  0.8135121995706615
   1  1678   A  0.8587530750653184
   1  1679   A  0.8701134361723504
   1  1680   U  0.8662572554601419
   1  1681   U  0.8990530838789955
   1  1682   C  0.9214909938884993
   1  1683   U  0.8512825366788282
   1  1684   A  0.8813737159256037
   1  1685   A  0.8486272103402992
   1  1686   G  0.8384272063566447
   1  1687   G  0.8693062301527059
   1  1688   U  0.8663797957710575
   1  1689   G    0.88407506370547
   1  1690   A  0.8123171732324637
   1  1691   G  0.8393304051751014
   1  1692   C  0.9010922954793071
   1  1693   G  0.8860550654871637
   1  1694   A  0.8831752344711319
   1  1695   G  0.8642826000949014
   1  1696   C   0.854204734469983
   1  1697   G  0.7985102458830158
   1  1698   A  0.8027003017681293
   1  1699   A  0.8637830021710787
   1  1700   C  0.8993909134041518
   1  1701   U  0.8833542956049202
   1  1702   C  0.8376191419090115
   1  1703   U  0.8768643322913174
   1  1704   C  0.8747561980707128
   1  1705   G  0.9013760473872616
   1  1706   U  0.8857885715612286
   1  1707   U  0.8942710789406425
   1  1708   A    0.83922770401076
   1  1709   A  0.8722559406904025
   1  1710   G  0.8645146330277104
   1  1711   G  0.7928009719725578
   1  1712   A  0.8355422140040973
   1  1713   A  0.8319279590448417
   1  1714   C  0.7733966183638861
   1  1715   U  0.7137811188069737
   1  1716   C  0.7762315562306908
   1  1717   G  0.7859047400848606
   1  1718   G  0.8360613037872263
   1  1719   C  0.7620967960737588
   1  1720   A  0.7752754852372506
   1  1721   A  0.7953600049886943
   1  1722   A  0.7821818770311599
   1  1723   A  0.8015947603570431
   1  1724   U  0.8411474375871691
   1  1725   G  0.8528697927183473
   1  1726   A  0.8742517359755233
   1  1727   C  0.8359438010797939
   1  1728   C  0.8514885698196076
   1  1729   C  0.8316731219550311
   1  1730   C  0.8196598512683562
   1  1731   G  0.8560241430524678
   1  1732   U  0.8485099723792227
   1  1733   A  0.8597351784687278
   1  1734   A  0.8444849332087444
   1  1735   C  0.8510213616537919
   1  1736   U  0.8642388398126086
   1  1737   U   0.860519308077236
   1  1738   C  0.8611959980450653
   1  1739   G  0.8475027510137912
   1  1740   G  0.8751736299057796
   1  1741   G  0.8817152076851167
   1  1742   A  0.8817069140805347
   1  1743   G  0.8627660438563284
   1  1744   A  0.8839630742359107
   1  1745   A  0.8817189045822267
   1  1746   G  0.8259928630488443
   1  1747   G  0.8012162733750152
   1  1748   G  0.8791855275769936
   1  1749   G  0.8628715426848093
   1  1750   U  0.8426212574332741
   1  1751   G  0.8779053933133654
   1  1752   C  0.8609264357123804
   1  1753   U  0.8555208396417687
   1  1754   C   0.813761899345245
   1  1755   U  0.7563659166878438
   1  1756   U  0.7255803312002955
   1  1757   U  0.7349667246733282
   1  1758   A  0.5252766441599297
   1  1759   G  0.6342468542030727
   1  1760   G  0.6155642713402291
   1  1761   G  0.6301397475438602
   1  1762   U  0.5479370301887433
   1  1768   C  0.6826121527122346
   1  1769   C  0.7487280004837632
   1  1770   C  0.7406664868915611
   1  1771   A  0.6415574835016322
   1  1772   G  0.5948840020223127
   1  1773   A  0.6741280456657007
   1  1774   A  0.7279543105057585
   1  1775   G  0.7675277813609352
   1  1776   A   0.793528632657878
   1  1777   G  0.8147545547612606
   1  1778   C  0.8585795601032782
   1  1779   C  0.8281415368627746
   1  1780   G  0.7741125277801825
   1  1781   C  0.7693694980811142
   1  1782   A  0.8331565325750595
   1  1783   G  0.8401747417152061
   1  1784   U  0.8571677782465672
   1  1785   G  0.8650529900231236
   1  1786   A  0.8779050655812913
   1  1787   A  0.8737860482828819
   1  1788   U  0.7927902742138653
   1  1789   A  0.7443875051354084
   1  1790   G  0.7987660479033318
   1  1791   G  0.8761384370762727
   1  1792   C  0.8879996189393272
   1  1793   C  0.8866725764533151
   1  1794   C  0.8473127912386716
   1  1795   A  0.8525717598260812
   1  1796   A  0.8736713398047441
   1  1797   G   0.891834507704125
   1  1798   C  0.8758208989369743
   1  1799   G  0.8638430083165355
   1  1800   A  0.8530410710319093
   1  1801   C  0.8674649701810632
   1  1802   U  0.9003005815086463
   1  1803   G  0.8622507597212726
   1  1804   U  0.8312155612563937
   1  1805   U  0.8142154263491381
   1  1806   U  0.8130321624030632
   1  1807   A  0.7877389447152403
   1  1808   U  0.7635711208182306
   1  1809   C  0.7910462458587602
   1  1810   A  0.7432349117975307
   1  1811   A  0.7957663885780598
   1  1812   A  0.8402606667111291
   1  1813   A  0.8279675327262527
   1  1814   A  0.8775741921749458
   1  1815   C  0.8810125612926605
   1  1816   A  0.8568926771077215
   1  1817   C  0.8753968962210955
   1  1818   A  0.8689989326203076
   1  1819   G  0.8678533340368952
   1  1820   G  0.8565668381136271
   1  1821   U  0.8774254335425347
   1  1822   C  0.8827800555671449
   1  1823   U  0.8746219130658783
   1  1824   C  0.8671474642247395
   1  1825   U  0.8703538985432002
   1  1826   G  0.8697892710364825
   1  1827   C  0.8705301670520948
   1  1828   U  0.8440271345389821
   1  1829   A  0.8894577543787634
   1  1830   A  0.8767492578808506
   1  1831   A  0.8829234607033052
   1  1832   C  0.8619894589430612
   1  1833   C  0.8811050134871687
   1  1834   G    0.83911238783161
   1  1835   U  0.5530802363839233
   1  1836   A  0.8306808430374576
   1  1837   A   0.889030109258172
   1  1838   G  0.8694127324535625
   1  1839   G  0.8084406627890902
   1  1840   U   0.798638433245277
   1  1841   G  0.9006248325607512
   1  1842   A   0.894686478097047
   1  1843   U  0.8347854122049723
   1  1844   G  0.8522808584461041
   1  1845   U  0.8402877480368616
   1  1846   A  0.8796280139116106
   1  1847   U   0.823919187673842
   1  1848   A  0.8841158430524021
   1  1849   G  0.8946035625576922
   1  1850   G   0.868423003836851
   1  1851   G  0.8464544450376574
   1  1852   G  0.8614135022775716
   1  1853   C  0.8275162671529702
   1  1854   U  0.8520426849103854
   1  1855   G  0.8090184542222721
   1  1856   A  0.8800874391019587
   1  1857   C  0.8713552130514817
   1  1858   G  0.8653118630168962
   1  1859   C  0.8764898541178879
   1  1860   C  0.8217977026312849
   1  1861   U  0.7938939664042544
   1  1862   G  0.7991929038249691
   1  1863   C  0.7902436539485108
   1  1864   C  0.7937833448758498
   1  1865   C  0.6841991208394655
   1  1866   A  0.6309243755705091
   1  1867   G  0.7351561856811248
   1  1868   U  0.8273753213315149
   1  1869   G  0.8389955577956845
   1  1870   C  0.8468919644484078
   1  1871   U  0.8687361879339096
   1  1872   G  0.8584524909650005
   1  1873   G  0.8265299117328042
   1  1874   A  0.7584736721956579
   1  1875   A  0.6599309994841822
   1  1876   G  0.7260672809790508
   1  1877   G  0.7766546420025345
   1  1878   U  0.7533781880045688
   1  1879   U  0.7522755937128667
   1  1880   A  0.8417923980436002
   1  1881   A  0.8649869443846878
   1  1882   G  0.8490386159367892
   1  1883   A  0.8397887500675661
   1  1884   G  0.7693989270481721
   1  1885   G  0.7439001349866646
   1  1886   A  0.6964448139652346
   1  1887   G  0.7317585935644029
   1  1888   U  0.7157115916253091
   1  1889   G  0.7960647388747344
   1  1890   G   0.862541972370741
   1  1891   U  0.8518408992673385
   1  1892   U  0.8122159615302551
   1  1893   A  0.7992422388998082
   1  1894   G  0.7178565777163767
   1  1895   C  0.6616155825714345
   1  1896   U  0.5358765889330404
   1  1897   U  0.3613408698165038
   1  1898   C  0.4533303398999047
   1  1899   U  0.4496020826542331
   1  1900   G  0.5921744533521028
   1  1901   C  0.7140107387740752
   1  1902   G  0.7852476794394702
   1  1903   A  0.7790031128841604
   1  1904   A  0.7666496069043671
   1  1905   G  0.8249106222129144
   1  1906   C  0.8064199363308521
   1  1907   U  0.8079678356173167
   1  1908   A  0.8218093178711771
   1  1909   C  0.8089380968472535
   1  1910   G  0.7423422409455535
   1  1911   A   0.694599235644246
   1  1912   A  0.7338161066064536
   1  1913   U  0.8129159216589847
   1  1914   C  0.8062901643149077
   1  1915   G  0.7844878482292456
   1  1916   A  0.8647152013049763
   1  1917   A  0.8098337678939542
   1  1918   G  0.8263039747758635
   1  1919   C  0.8375109402520553
   1  1920   C  0.8026255207971073
   1  1921   C  0.7915620314083066
   1  1922   C  0.7701072247851453
   1  1923   A   0.719636409582504
   1  1924   G  0.7231815927634943
   1  1925   U   0.738987374364689
   1  1926   A  0.7725985266213746
   1  1927   A  0.8561575329253956
   1  1928   A  0.8229618215870582
   1  1929   C  0.8369243314931022
   1  1930   G  0.7676382208561428
   1  1931   G  0.7614660909342983
   1  1932   C    0.75072124743426
   1  1933   G  0.7169345790722917
   1  1934   G  0.5904603212180003
   1  1935   C  0.6866716440290542
   1  1936   C  0.6873113280313471
   1  1937   G  0.6230600013360476
   1  1938   U  0.5857823673042175
   1  1939   A   0.534335709321104
   1  1940   A  0.4015858416833142
   1  1941   C 0.37796154127042036
   1  1942   U 0.24561411360094523
   1  1943   A  0.5181297719628428
   1  1944   U  0.5854964026979954
   1  1945   A  0.6839532386527808
   1  1946   A  0.6333896573890836
   1  1947   C  0.6371276168779293
   1  1948   G  0.7011404389930425
   1  1949   G  0.6656661588142719
   1  1950   U  0.6425709625030686
   1  1951   C  0.7220347081831858
   1  1952   C  0.7418909458560407
   1  1953   U  0.6709273784986173
   1  1954   A  0.6959533922652025
   1  1955   A  0.7725392555839021
   1  1956   G  0.7268106291422475
   1  1957   G  0.7370620377945419
   1  1958   U  0.7859853482108058
   1  1959   A  0.7995879092427243
   1  1960   G   0.861886116062666
   1  1961   C  0.8720415343264205
   1  1962   G   0.878708861563445
   1  1963   A   0.874476311244644
   1  1964   A  0.8549161692668884
   1  1965   A   0.806215495367006
   1  1966   U  0.8701106764682927
   1  1967   U   0.859118186770082
   1  1968   C  0.8118993129016148
   1  1969   C  0.8059751222952098
   1  1970   U  0.8049100852232276
   1  1971   U  0.8258820861379462
   1  1972   G  0.8288839196554459
   1  1973   U  0.8420017313113172
   1  1974   C  0.8634141633792028
   1  1975   G  0.8668029940238821
   1  1976   G  0.8502432415373733
   1  1977   G  0.8453598066275514
   1  1978   U  0.8385881282309474
   1  1979   A   0.862171269799486
   1  1980   A  0.8971631387407873
   1  1981   G  0.8978711205765807
   1  1982   U  0.8882661332479722
   1  1983   U  0.8969773329546769
   1  1984   C  0.8939047291487597
   1  1985   C  0.9084941452389956
   1  1986   G  0.8940488804524075
   1  1987   A  0.8468335431939182
   1  1988   C   0.841186798651552
   1  1989   C  0.7998489678277719
   1  1990   C  0.6145479992371911
   1  1991   G  0.8562359429642017
   1  1992   C  0.8506268783775427
   1  1993   A  0.8416342917376632
   1  1994   C  0.8747970133079164
   1  1995   G  0.8055637549273122
   1  1996   A  0.7631799193751998
   1  1997   A  0.8082281532464971
   1  1998   A  0.7846953001673472
   1  1999   G  0.8707092563911202
   1  2000   G  0.8808296873521242
   1  2001   C  0.8774175649925335
   1  2002   G  0.8582004508633224
   1  2003   U  0.8328709508548319
   1  2004   A  0.8806222320442317
   1  2005   A  0.9025316743065926
   1  2006   C  0.8953448024977895
   1  2007   G  0.8669288431941203
   1  2008   A  0.8867360891136995
   1  2009   U  0.8543032081587398
   1  2010   U  0.8957729061680036
   1  2011   U  0.8737412164534893
   1  2012   G  0.8841510120148253
   1  2013   G  0.8685974059921567
   1  2014   G  0.8578293407453018
   1  2015   C  0.8589851152317287
   1  2016   A  0.8380430987375085
   1  2017   C  0.7665649125660926
   1  2018   U  0.7162425494848699
   1  2019   G  0.8207879073901541
   1  2020   U  0.8281478696534065
   1  2021   C  0.8505075436364529
   1  2022   U  0.8359512062918095
   1  2023   C  0.8801524669031978
   1  2024   A  0.8681256207030663
   1  2025   A  0.9049076820816515
   1  2026   C   0.923942784650789
   1  2027   G  0.9231800147041371
   1  2028   A  0.8981498398793318
   1  2029   G  0.8824482120733882
   1  2030   A  0.8851972231358928
   1  2031   G  0.8539011648005627
   1  2032   A  0.8471270559282398
   1  2033   C  0.8692457846972267
   1  2034   U  0.8856458123584982
   1  2035   C  0.8870208724560552
   1  2036   G   0.886752461309496
   1  2037   G  0.8819331129835056
   1  2038   U  0.8501281471132095
   1  2039   G  0.8985169133892486
   1  2040   A  0.8838656241089973
   1  2041   A  0.8848399731682877
   1  2042   A  0.8832980481978991
   1  2043   U  0.8494894120469538
   1  2044   C   0.878086938350007
   1  2045   A  0.8902604935449006
   1  2046   U  0.8558634911594311
   1  2047   A  0.8572999286295111
   1  2048   G   0.863282869205821
   1  2049   U  0.8529309894942213
   1  2050   A  0.9072438877195577
   1  2051   C  0.8836519653072139
   1  2052   C  0.8875622652025903
   1  2053   U  0.8810969388220617
   1  2054   G  0.8219852748349389
   1  2055   U  0.8036189481355014
   1  2056   G  0.7620380495711718
   1  2057   A  0.8670721469022707
   1  2058   A  0.8717781083887013
   1  2059   G  0.7290038813230533
   1  2060   A  0.7994588390107042
   1  2061   U  0.7710759385885336
   1  2062   G  0.8606361596607405
   1  2063   C  0.9035494419933228
   1  2064   A  0.9083472624632665
   1  2065   G  0.9073084064385993
   1  2066   G  0.8945821026215052
   1  2067   U  0.9027217545311687
   1  2068   U  0.9033443724263441
   1  2069   A  0.8716507557874152
   1  2070   C   0.893604397293882
   1  2071   C  0.8874246376571961
   1  2072   C  0.8867837358268458
   1  2073   G  0.8639208939208467
   1  2074   C  0.8991641899995795
   1  2075   G   0.902246498080657
   1  2076   A  0.8894115333865567
   1  2077   C   0.891374672825865
   1  2078   A  0.8633424413706803
   1  2079   G   0.830722786005145
   1  2080   G  0.8227793306103194
   1  2081   A  0.8439261823407578
   1  2082   C   0.779656603420415
   1  2083   G  0.8264659959208055
   1  2084   G  0.7987828923570437
   1  2085   A  0.7308478026739772
   1  2086   A  0.7528684096521907
   1  2087   A  0.8557836829322202
   1  2088   G  0.8131013343708376
   1  2089   A  0.7051993205339557
   1  2090   C   0.843940274998913
   1  2091   C  0.8803884718508289
   1  2092   C  0.8744793177502522
   1  2093   C  0.8744267266869042
   1  2094   G  0.8879887111630589
   1  2095   U  0.7975531686996755
   1  2096   G  0.7581718901324977
   1  2097   G  0.7655023325142755
   1  2098   A  0.8193681808882174
   1  2099   G  0.8821591884153039
   1  2100   C  0.8793700667548578
   1  2101   U   0.839292407271802
   1  2102   U  0.8943926514743656
   1  2103   U  0.8324615252705517
   1  2104   A  0.8998706814752563
   1  2105   C   0.896447343852502
   1  2106   U  0.8828584222012844
   1  2107   G  0.8763508828324692
   1  2108   U  0.8635688897349943
   1  2109   A   0.843977784408569
   1  2110   G  0.8410166464908347
   1  2111   C   0.834684358880825
   1  2112   C  0.8677150767287183
   1  2113   U  0.8849684002572482
   1  2114   G   0.893947048615139
   1  2115   A  0.8852810175996252
   1  2116   U  0.8807224311015406
   1  2117   A  0.8947745480838454
   1  2118   U  0.8423028481759511
   1  2119   U  0.8549918118730374
   1  2120   G  0.7866010713705645
   1  2121   A  0.7379422830094566
   1  2122   A  0.6896147754379406
   1  2123   A  0.6560172909951884
   1  2124   U  0.5026710711864234
   1  2218   G  0.4560451226605921
   1  2219   C  0.6718512853343394
   1  2220   U  0.6622921063330419
   1  2221   U  0.7328635742275816
   1  2222   U  0.8091413636026883
   1  2223   C  0.7797808904706219
   1  2224   U  0.8069806295170313
   1  2225   A  0.7790465089005388
   1  2226   A  0.8631671289406188
   1  2227   C  0.8719991042402973
   1  2228   C  0.8694930949316874
   1  2229   C  0.8587348318915563
   1  2230   G  0.7783112864707127
   1  2231   C  0.8322751403771202
   1  2232   A  0.8705551197891823
   1  2233   C  0.8432412867526498
   1  2234   C  0.8261255884632547
   1  2235   A  0.8503948311732871
   1  2236   C  0.8508302723050434
   1  2237   U   0.808049194256013
   1  2238   U  0.5526497507674512
   1  2239   A  0.6692791860804648
   1  2240   U  0.5422674827478349
   1  2241   C  0.8003476037871758
   1  2242   G  0.8202615822340255
   1  2243   U  0.8340626044924763
   1  2244   G  0.7831899201234563
   1  2245   G  0.7034475580155156
   1  2246   U  0.7759452686628284
   1  2247   G   0.814525149621532
   1  2248   G  0.8543398608947128
   1  2249   G  0.8642871970533909
   1  2250   A  0.8784777023509754
   1  2251   G  0.8705986028762033
   1  2252   A  0.8796947455870642
   1  2253   C  0.8622489003868017
   1  2254   A  0.8612635361279312
   1  2255   G  0.8698820876565113
   1  2256   U   0.868632360018416
   1  2257   G  0.8802573911425892
   1  2258   U  0.8772883779304474
   1  2259   C  0.8658324805181711
   1  2260   A  0.9075685577021076
   1  2261   G  0.8877057646447979
   1  2262   G  0.8658955624487598
   1  2263   C  0.8544760178179981
   1  2264   G  0.8631454039730198
   1  2265   G  0.8774753297786724
   1  2266   G  0.8798513318663569
   1  2267   C  0.8751332409901049
   1  2268   A  0.8744475733968965
   1  2269   G  0.8602084812069878
   1  2270   U  0.8060818094049399
   1  2271   U  0.8547535650378508
   1  2272   U  0.8242732304988765
   1  2273   G  0.8836251466364058
   1  2274   A  0.8935996307138555
   1  2275   C  0.8373292040419382
   1  2276   U  0.8140025467336357
   1  2277   G  0.8746438714280933
   1  2278   G  0.8734775866259779
   1  2279   G  0.8951076305423356
   1  2280   G  0.8558278422140788
   1  2281   C   0.836565078838918
   1  2282   G  0.8675089660264551
   1  2283   G  0.8807137025987027
   1  2284   U  0.8829177244569958
   1  2285   C  0.8884982611084589
   1  2286   G  0.8761208005345084
   1  2287   C  0.8838082742394421
   1  2288   C  0.8923415729290495
   1  2289   U  0.8881771064471925
   1  2290   C  0.8879710895697647
   1  2291   C  0.8977044864667568
   1  2292   U  0.8914666590351384
   1  2293   A  0.8994845543128688
   1  2294   A  0.8585773042578428
   1  2295   A  0.7929459401123871
   1  2296   A  0.8103183994684328
   1  2297   G  0.8245753963360776
   1  2298   G  0.8597316117022482
   1  2299   U  0.8973468049718741
   1  2300   A  0.9038057588824986
   1  2301   A  0.8854221383314553
   1  2302   C  0.8893795504820136
   1  2303   G  0.8904124138430946
   1  2304   G  0.8993298078255764
   1  2305   A  0.8652012603233196
   1  2306   G  0.8341279298933192
   1  2307   G  0.8747794977527451
   1  2308   C   0.897858373480461
   1  2309   G  0.8935130117511474
   1  2310   C  0.8540998332979179
   1  2311   U  0.8811069873755485
   1  2312   C  0.8644044888125294
   1  2313   A  0.8407850453046505
   1  2314   A  0.7894480329225257
   1  2315   A  0.8500764058346271
   1  2316   G  0.8645820927775995
   1  2317   G  0.8510622882103929
   1  2318   U  0.8513754925286516
   1  2319   U  0.8580116588767815
   1  2320   C  0.8743494314491319
   1  2321   C  0.8822390239559047
   1  2322   C  0.8305870905574784
   1  2323   U  0.7995533795448183
   1  2324   C   0.813757130242505
   1  2325   A  0.7594444507985103
   1  2326   G  0.6936855916260485
   1  2327   A  0.6154465478692122
   1  2328   A  0.5661979961334647
   1  2341   A  0.6669323337121903
   1  2342   U  0.8165937697405051
   1  2343   U  0.7908476848518716
   1  2344   C  0.6955287806185542
   1  2345   A  0.6811744224979139
   1  2346   U  0.5898845444705547
   1  2347   A  0.6967333028266857
   1  2348   G  0.7276289008108296
   1  2349   A  0.7824972559711707
   1  2350   G  0.8380162469096462
   1  2351   U  0.8225019571238934
   1  2352   G   0.837438002642901
   1  2353   U  0.7699940514987503
   1  2354   A  0.8151290702891318
   1  2355   A  0.8914863762274078
   1  2356   A  0.9074367966163512
   1  2357   G  0.8810282413095043
   1  2358   G   0.883792072216319
   1  2359   C  0.8974305876315334
   1  2360   A  0.8427238775433735
   1  2361   U  0.6325482363556117
   1  2362   A  0.7632520741472786
   1  2363   A  0.8503040693434202
   1  2364   G   0.845771541889372
   1  2365   G  0.8638443209991234
   1  2366   G  0.8203440186979556
   1  2367   A  0.8491192431243321
   1  2368   G  0.8251695786975327
   1  2369   C  0.8099406453745688
   1  2370   U    0.85373008864475
   1  2371   U  0.8562989809568046
   1  2372   G  0.8693441842787825
   1  2373   A  0.8820167057125896
   1  2374   C  0.8762812098275572
   1  2375   U  0.8965662821414992
   1  2376   G  0.8833264490129399
   1  2377   C  0.8645403766061227
   1  2378   G  0.8870023444195493
   1  2379   A  0.8712505852051533
   1  2380   G  0.8584351979714385
   1  2381   A  0.8824056269625778
   1  2382   C  0.8715173968174093
   1  2383   C   0.885203891147923
   1  2384   U  0.8546623518980359
   1  2385   A  0.9006420248448708
   1  2386   C  0.8975959349361217
   1  2387   A   0.890418850236538
   1  2388   A  0.8712420440759963
   1  2389   G  0.8940973856600964
   1  2390   U  0.8867793313880621
   1  2391   C  0.8911874439006195
   1  2392   G  0.8897611517766199
   1  2393   A  0.8819960086805033
   1  2394   G  0.8505909997676967
   1  2395   C  0.8581620142965284
   1  2396   A  0.8785664791503527
   1  2397   G  0.7981899576676215
   1  2398   G  0.7490789914303585
   1  2399   G  0.8369920993203648
   1  2400   U  0.8726087949658369
   1  2401   C  0.8721507652807508
   1  2402   G  0.8477216103877352
   1  2403   A  0.8255244263347469
   1  2404   A  0.8578776094027808
   1  2405   A  0.8585869696810449
   1  2406   G  0.8727355883783074
   1  2407   A  0.8861393796561721
   1  2408   C  0.8820123487427495
   1  2409   G  0.8865738192158169
   1  2410   G  0.8843222550241913
   1  2411   A  0.8505904773841455
   1  2412   C  0.8772295613365041
   1  2413   U  0.8874781043089149
   1  2414   U  0.8793727235742915
   1  2415   A  0.8902758369984511
   1  2416   G  0.8817116778009676
   1  2417   U  0.8754079163723134
   1  2418   G  0.8589466116539579
   1  2419   A   0.851058696670655
   1  2420   U  0.8691157570865701
   1  2421   C  0.8625472591451235
   1  2422   C  0.8574361328605953
   1  2423   G   0.860755357913887
   1  2424   G  0.8719025610773731
   1  2425   U  0.8532328441671752
   1  2426   G  0.8678641327806376
   1  2427   G  0.8515724326724579
   1  2428   U   0.798222429030063
   1  2429   U  0.5383740759321686
   1  2430   C  0.8502209243989562
   1  2431   C  0.8474791818570275
   1  2432   G  0.8117192957240177
   1  2433   C  0.6985088059609077
   1  2434   A  0.8439541875505872
   1  2435   U  0.8426493616374969
   1  2436   G  0.8657938999320096
   1  2437   G  0.8822999114164964
   1  2438   A  0.8493624216441916
   1  2439   A  0.8785938341292125
   1  2440   G  0.8837211504993902
   1  2441   G  0.8803247835396544
   1  2442   G  0.8903033133433434
   1  2443   C  0.9023425306041795
   1  2444   C  0.8921917582571057
   1  2445   A  0.8871601966260935
   1  2446   U  0.8411537926875383
   1  2447   C    0.85317828616566
   1  2448   G  0.8413823506146528
   1  2449   C  0.8436095009973098
   1  2450   U  0.8477373197057847
   1  2451   C  0.8682237166582827
   1  2452   A   0.897711193502909
   1  2453   A  0.8863767228478755
   1  2454   C   0.889483183748683
   1  2455   G  0.8888616257140783
   1  2456   G  0.8541047978944988
   1  2457   A  0.8266177116905771
   1  2458   U  0.8401674332106187
   1  2459   A  0.8216214018184995
   1  2460   A  0.8319532981335391
   1  2461   A  0.7914286690035366
   1  2462   A  0.8403424727060028
   1  2463   G  0.8556851529402172
   1  2464   C  0.8929692767700171
   1  2465   U  0.8606224192840554
   1  2466   A  0.7304395337233854
   1  2467   C  0.8234908413627473
   1  2468   C  0.7675314467478354
   1  2469   C  0.7579715107644381
   1  2470   C  0.7974121425984697
   1  2471   G    0.83503789516545
   1  2472   G  0.8757479773879142
   1  2473   G  0.8770273573766562
   1  2474   G   0.772820276531348
   1  2475   A  0.8219810811876251
   1  2476   U  0.8957143035937482
   1  2477   A  0.9023143035569265
   1  2478   A   0.854435328314526
   1  2479   C  0.7799437788805154
   1  2480   A  0.8264631332374128
   1  2481   G  0.8749931681646191
   1  2482   G  0.8795634608956843
   1  2483   C  0.8933206844922167
   1  2484   U  0.9095539131933573
   1  2485   U  0.8869275577844101
   1  2486   A  0.8901584457279418
   1  2487   U  0.8918036603373009
   1  2488   C  0.8998015903755883
   1  2489   U  0.8719197419512916
   1  2490   C  0.8748062981191465
   1  2491   C  0.8608676224800622
   1  2492   C  0.8806633230695302
   1  2493   C  0.8919087000694697
   1  2494   C  0.8387562592400427
   1  2495   A  0.8962804988497945
   1  2496   A  0.8389235936396487
   1  2497   G  0.8235881829432412
   1  2498   A  0.7959546174221658
   1  2499   G  0.8364285356365616
   1  2500   U  0.6290971803764649
   1  2501   U  0.6688679235125533
   1  2502   C  0.7921685385470857
   1  2503   A  0.8672683697576788
   1  2504   C  0.8750929433369968
   1  2505   A  0.8720286766170037
   1  2506   U  0.8881339836302886
   1  2507   C  0.8461128106923596
   1  2508   G  0.8539401780993596
   1  2509   A  0.8611612429088833
   1  2510   C  0.8500878135199275
   1  2511   G  0.8555968050848201
   1  2512   G  0.9070470470637627
   1  2513   G  0.8984236853504082
   1  2514   G  0.8839484586130129
   1  2515   A  0.8858456272429839
   1  2516   G  0.8825938928417216
   1  2517   G  0.8565859987872956
   1  2518   U  0.8142779762849336
   1  2519   U  0.8822195353207506
   1  2520   U  0.8883005663711064
   1  2521   G  0.8994543266628912
   1  2522   G   0.910916655299213
   1  2523   C  0.8917580355037275
   1  2524   A  0.8835495722758727
   1  2525   C  0.8872375387414567
   1  2526   C  0.8361450669847117
   1  2527   U   0.834938809813175
   1  2528   C   0.833492315984609
   1  2529   G  0.8220035180211839
   1  2530   A  0.7693627812065333
   1  2531   U  0.6757154784499957
   1  2532   G  0.7567115056794385
   1  2533   U  0.6405438144412157
   1  2534   C   0.754936235596863
   1  2535   G   0.778729528356046
   1  2536   G  0.7569004641076336
   1  2537   C  0.7947282734123794
   1  2538   U  0.8098823879797689
   1  2539   C  0.7948861390982865
   1  2540   A   0.843584704773226
   1  2541   U  0.8727819975949016
   1  2542   C  0.9042893893878542
   1  2543   G   0.908243054980441
   1  2544   C  0.9167788076079155
   1  2545   A  0.8667118152110292
   1  2546   U  0.8768646862980721
   1  2547   C  0.8874505880136455
   1  2548   C   0.886206535597434
   1  2549   U  0.8868520642253928
   1  2550   G   0.898769993054796
   1  2551   G  0.8980057528047793
   1  2552   G  0.8695745544031019
   1  2553   G  0.8727099839098444
   1  2554   C  0.9044245487844026
   1  2555   U  0.8932173489513123
   1  2556   G  0.8506927387098329
   1  2557   U  0.8376186370384863
   1  2558   A  0.8068997844212151
   1  2559   G  0.8624982327678585
   1  2560   U  0.8417284378948034
   1  2561   C   0.812533461230337
   1  2562   G  0.8300843182947168
   1  2563   G  0.8597622952029899
   1  2564   U  0.8506876097277376
   1  2565   C  0.8916139779082891
   1  2566   C  0.9021035916315231
   1  2567   C  0.9152380434464572
   1  2568   A  0.9034502776388187
   1  2569   A  0.8855685175335654
   1  2570   G  0.9031638239318275
   1  2571   G   0.894673806467974
   1  2572   G  0.8937436574491922
   1  2573   U  0.8941728522721993
   1  2574   U   0.844074165130337
   1  2575   G  0.8559709541555611
   1  2576   G  0.8888104375587207
   1  2577   G   0.895775775572344
   1  2578   C  0.9074168442375327
   1  2579   U  0.8229157126602651
   1  2580   G  0.7116023490301917
   1  2581   U   0.666810243905432
   1  2582   U  0.5883669944236587
   1  2583   C  0.7397012530647212
   1  2584   G  0.8477474166532011
   1  2585   C  0.8551620051648045
   1  2586   C  0.8783868318243786
   1  2587   C  0.9008825829178922
   1  2588   A  0.8761809263141431
   1  2589   U  0.8690595836743789
   1  2590   U   0.885108868260239
   1  2591   A  0.9213027170058744
   1  2592   A  0.9181229199575919
   1  2593   A  0.8727868221735957
   1  2594   G   0.867681777630598
   1  2595   C  0.8927475384917158
   1  2596   G  0.8919422185837135
   1  2597   G  0.9121062321095892
   1  2598   U  0.8664565636243147
   1  2599   A  0.7800003049048422
   1  2600   C  0.7600738499509381
   1  2601   G  0.8391347877874932
   1  2602   C  0.7787439583505812
   1  2603   G  0.7960717425124925
   1  2604   A  0.8358080789651261
   1  2605   G  0.8198179944127945
   1  2606   C  0.7919015777670037
   1  2607   U  0.7926556063882281
   1  2608   G  0.8246907202149443
   1  2609   G  0.8165436772043139
   1  2610   G  0.7249883891389869
   1  2611   U  0.6055583685661026
   1  2612   U  0.6128088834432948
   1  2613   C  0.7579865646931238
   1  2614   A   0.808205689849194
   1  2615   G  0.7684856183235701
   1  2616   A  0.8160447769125166
   1  2617   A  0.8889337403528824
   1  2618   C  0.9087812720597508
   1  2619   G  0.8755417766091339
   1  2620   U  0.8565261938925707
   1  2621   C  0.8746740665394195
   1  2622   G  0.8766753662877783
   1  2623   U  0.8761159374873891
   1  2624   G  0.9077211007677405
   1  2625   A  0.8743750037130332
   1  2626   G  0.8595592162427761
   1  2627   A   0.844521163920259
   1  2628   C  0.7878203767738824
   1  2629   A 0.49613476941930096
   1  2630   G  0.8151953126818543
   1  2631   U  0.8614254101010534
   1  2632   U  0.8896079289160465
   1  2633   C  0.8902194400897568
   1  2634   G  0.7996879475107695
   1  2635   G  0.7629312978447581
   1  2636   U  0.6866973843229719
   1  2637   C  0.7361236690994089
   1  2638   C  0.8200343379653408
   1  2639   C  0.7882690283791549
   1  2640   U   0.769554744525752
   1  2641   A  0.8226334261307088
   1  2642   U  0.7607049224705111
   1  2643   C  0.8395747693924448
   1  2644   C  0.8811824280867099
   1  2645   G   0.873913415971905
   1  2646   U  0.8588706122653669
   1  2647   C  0.8759944106494082
   1  2648   G  0.8245600627534058
   1  2649   U  0.7211842231698957
   1  2650   G  0.7725670302121472
   1  2651   G  0.8078804399235568
   1  2652   G  0.8737330213220431
   1  2653   C  0.8970388847766093
   1  2654   G  0.8860114549825501
   1  2655   U  0.8806108756588281
   1  2656   A  0.8910470360699707
   1  2657   G  0.8895743499759414
   1  2658   G  0.8742731367297514
   1  2659   A  0.8806038878289927
   1  2660   A  0.9022210669569904
   1  2661   A  0.8977334249526592
   1  2662   U  0.8831217006326384
   1  2663   U  0.8757176442049847
   1  2664   U  0.8760697926529122
   1  2665   G  0.8843673782027756
   1  2666   A  0.8581793763628647
   1  2667   G  0.8509070507682734
   1  2668   A   0.874461283293054
   1  2669   G  0.8932409111529009
   1  2670   G   0.902024618839998
   1  2671   A  0.8786914069999986
   1  2672   G  0.8864870693953701
   1  2673   C  0.8945118785472489
   1  2674   U  0.8829255117021523
   1  2675   G  0.8933869460127661
   1  2676   U  0.8656696061576541
   1  2677   C   0.825075453713627
   1  2678   C  0.8308566826948689
   1  2679   U  0.8203117498846378
   1  2680   U   0.801122666635024
   1  2681   A  0.8394639612552844
   1  2682   G  0.8039970724858828
   1  2683   U  0.8166042716942878
   1  2684   A  0.8115384579626167
   1  2685   C  0.8317770805484769
   1  2686   G  0.7668873764863238
   1  2687   A  0.7405493500484417
   1  2688   G  0.7357784085537433
   1  2689   A  0.7668234750509595
   1  2690   G  0.7927006932293706
   1  2691   G  0.8457872146124157
   1  2692   A  0.8870627891790427
   1  2693   C  0.8478777607131467
   1  2694   C  0.8007933514921969
   1  2695   G  0.8164333000994588
   1  2696   G  0.7935698998198151
   1  2697   G  0.7947188235612387
   1  2698   A  0.8125116214034666
   1  2699   U  0.8167120314791321
   1  2700   G  0.8728260506970167
   1  2701   G  0.8811869220224248
   1  2702   A  0.8947149665936132
   1  2703   C  0.8633303462868877
   1  2704   A  0.8850237472483687
   1  2705   U  0.8770107693246079
   1  2706   A  0.8847671583364163
   1  2707   C  0.8725540479327174
   1  2708   C   0.882418907991911
   1  2709   U    0.84515937325401
   1  2710   C  0.8763696847975048
   1  2711   U  0.8373497002088656
   1  2712   G  0.8449321397544012
   1  2713   G  0.8936724615489984
   1  2714   U   0.893563729068902
   1  2715   G  0.9076845967437317
   1  2716   U  0.8856977899926639
   1  2717   A  0.8427299410484544
   1  2718   C  0.8847076760409159
   1  2719   C  0.8850219637562258
   1  2720   A  0.8381607552807238
   1  2721   G  0.8218857176916669
   1  2722   U  0.8550597290324242
   1  2723   U   0.890125795337289
   1  2724   G   0.887040719837978
   1  2725   U  0.8997415271154671
   1  2726   C  0.9005216953076232
   1  2727   G  0.8915589673258699
   1  2728   U  0.8729678513464749
   1  2729   G  0.8731481009388579
   1  2730   C   0.866272157833258
   1  2731   C  0.8554297824927786
   1  2732   A  0.8097574073898743
   1  2733   A  0.8374639716627762
   1  2734   C  0.8519899018580361
   1  2735   G  0.8874539751229635
   1  2736   G  0.8974156214231322
   1  2737   C  0.8946732259759094
   1  2738   A  0.8646291053899386
   1  2739   U  0.8227751305830581
   1  2740   A  0.8326781928012159
   1  2741   G   0.863062092011968
   1  2742   C  0.8370055169222234
   1  2743   U  0.8029983712894877
   1  2744   G  0.7943087725476258
   1  2745   G  0.8182328224786105
   1  2746   G  0.8754236621299032
   1  2747   U  0.8935644504644694
   1  2748   A  0.8746719477396239
   1  2749   G  0.8947733653813041
   1  2750   C   0.888577402581928
   1  2751   U  0.8711445205011626
   1  2752   A  0.8666207328545749
   1  2753   U  0.8254634749019534
   1  2754   G  0.8933315695783273
   1  2755   U  0.8825591488198409
   1  2756   G  0.8727675388373034
   1  2757   U   0.891269067874266
   1  2758   G  0.8860967207351693
   1  2759   G  0.8234490266578717
   1  2760   A  0.7318691035739504
   1  2761   C  0.7175043910864878
   1  2762   G  0.7845926469404901
   1  2763   G   0.823150011325147
   1  2764   G  0.8539068277995874
   1  2765   A  0.8679226604040412
   1  2766   U  0.8671233274873643
   1  2767   A  0.8849406170519336
   1  2768   A  0.8865064167284374
   1  2769   G  0.8712795971666949
   1  2770   U  0.8681381757845132
   1  2771   G   0.872263785107416
   1  2772   C  0.8682888767066108
   1  2773   U   0.860393736966819
   1  2774   G  0.8821348804924016
   1  2775   A  0.8386125827918693
   1  2776   A  0.8384015227252298
   1  2777   A  0.8339929242028612
   1  2778   G  0.6848227446971618
   1  2779   C  0.8028138898201193
   1  2780   A   0.819746379437914
   1  2781   U  0.8389107841245722
   1  2782   C  0.8624537082944834
   1  2783   U  0.8707903770748568
   1  2784   A  0.8402285639903454
   1  2785   A  0.8292070248721914
   1  2786   G  0.8205353739496861
   1  2787   C  0.8020791331584783
   1  2788   A  0.8381845058302984
   1  2789   U  0.8368484672733866
   1  2790   G  0.8467366883941266
   1  2791   A   0.904793341347325
   1  2792   A  0.8850055616682668
   1  2793   G  0.9144645768187675
   1  2794   C  0.8965665358230377
   1  2795   C   0.879578964924004
   1  2796   C  0.8502495382941333
   1  2797   C  0.8319665315817155
   1  2798   C  0.8827596912959953
   1  2799   C  0.9149391599103813
   1  2800   U  0.9041123016438679
   1  2801   C  0.8806476088062171
   1  2802   A  0.8889583689661271
   1  2803   A  0.8842622471825285
   1  2804   G  0.9053422360486023
   1  2805   A  0.9207485903114612
   1  2806   U  0.9108121772229185
   1  2807   G  0.8540722475965641
   1  2808   A  0.8809659030726962
   1  2809   G  0.8728601458198587
   1  2810   A   0.897555050233624
   1  2811   U  0.8728289713182711
   1  2812   U  0.8531939450812782
   1  2813   U  0.8689257464299112
   1  2814   C  0.8990793924739635
   1  2815   C  0.9028429418652031
   1  2816   C  0.8217918096509408
   1  2817   A  0.7529175500014004
   1  2818   A   0.675800998027601
   1  2819   C  0.6516185554128284
   1  2820   U  0.5860672341755084
   1  2821   U  0.5806364662341629
   1  2822   C   0.555956783493715
   1  2823   G  0.5862834627872229
   1  2824   G  0.6979557204740906
   1  2825   U  0.6702201013769963
   1  2826   U  0.7072107098358589
   1  2827   A  0.7279638930466048
   1  2828   U  0.8109153111216664
   1  2829   A  0.8743651509213056
   1  2830   A  0.8888960181127281
   1  2831   G  0.8594493134060449
   1  2832   A  0.8361367128142899
   1  2833   U  0.8469501087798659
   1  2834   C  0.8851008687015665
   1  2835   C  0.8371316790670038
   1  2836   C  0.8777904137025606
   1  2837   U  0.9035038644259252
   1  2838   C  0.8808573608006067
   1  2839   A  0.8607338188420911
   1  2840   A  0.8566121502155143
   1  2841   A  0.8057986674295262
   1  2842   G  0.7709302043259426
   1  2843   A  0.8249348146065113
   1  2844   U  0.7707815616503629
   1  2845   G  0.6549673470653835
   1  2846   A  0.7411476977097732
   1  2847   U  0.7869751118621763
   1  2848   G  0.8654035661982841
   1  2849   A  0.8917899055386577
   1  2850   G  0.8730321558073842
   1  2851   G  0.8833884820081714
   1  2852   U  0.8546252139180993
   1  2853   U  0.7785626999188942
   1  2854   A  0.7770697064280817
   1  2855   A  0.7749055343020177
   1  2856   U  0.8223994931053915
   1  2857   A  0.8318255232074481
   1  2858   G  0.7796906313023868
   1  2859   G  0.7499457113499345
   1  2860   U  0.7768515182188291
   1  2861   U  0.8629987635329504
   1  2862   C    0.83905356162579
   1  2863   G  0.8363804331165005
   1  2864   A   0.869560845835646
   1  2865   G  0.8722914215081592
   1  2866   G  0.8497493889175977
   1  2867   U   0.843348268773335
   1  2868   G  0.7994063826680037
   1  2869   G  0.7682061111390176
   1  2870   A  0.8132738362541849
   1  2871   A  0.8487838939799138
   1  2872   G  0.8285595910108767
   1  2873   C  0.8659368033273694
   1  2874   A  0.8617328753187123
   1  2875   U  0.7861003998658355
   1  2876   G  0.7860129068004053
   1  2877   G  0.7626068123393106
   1  2878   U  0.7361974251623405
   1  2879   G  0.8178746121620397
   1  2880   A  0.8400407369657577
   1  2881   C  0.8580481612744921
   1  2882   A  0.8533614757094284
   1  2883   U  0.8188094891574859
   1  2884   G  0.8383928640547512
   1  2885   U  0.6445700107553776
   1  2886   G  0.6654048879636385
   1  2887   G  0.7591342691907021
   1  2888   A  0.8194289222060749
   1  2889   G  0.8337108431464152
   1  2890   C  0.8710127890243013
   1  2891   U  0.8604124458829266
   1  2892   G  0.8589464565405573
   1  2893   A   0.879690238608077
   1  2894   C   0.893528540874573
   1  2895   G  0.8549843329347557
   1  2896   A  0.8382601751191022
   1  2897   A  0.7991017620768486
   1  2898   U  0.7341224813509313
   1  2899   A  0.7060858693871264
   1  2900   C  0.7176187375237815
   1  2901   U  0.8244507105707567
   1  2902   A  0.8485382945005187
   1  2903   A  0.8999652312950369
   1  2904   U  0.8170260737227231
   1  2905   C  0.8503738109635112
   1  2906   G  0.8417097989559836
   1  2907   A    0.85285022666076
   1  2908   U   0.843112719811883
   1  2909   C   0.859464981663985
   1  2910   G  0.8917508020819774
   1  2911   A  0.8631818161468235
   1  2912   A  0.8599965806791185
   1  2913   G  0.8487899139450096
   1  2914   A   0.870994326137957
   1  2915   C  0.8597166942400082
   1  2916   U  0.8110357769678104
   1  2917   U  0.8095056540184871
   1  2918   A  0.8038086115811126
   1  2919   A  0.6144815053105334
   1  2920   U  0.5043863419340547
   2     2   C   0.543549972139269
   2     3   U  0.6624593398767139
   2     4   G  0.7489637515338887
   2     5   G  0.7725217766656198
   2     6   U  0.7871921127381731
   2     7   G  0.8047372906287269
   2     8   A  0.7519233786876168
   2     9   C  0.6825158566737126
   2    10   U  0.6726711304814361
   2    11   A  0.6689537118270914
   2    12   U  0.7158595261852613
   2    13   A   0.620257938786983
   2    14   G   0.723230944839843
   2    15   C  0.7610985974806612
   2    16   A  0.7259581417138402
   2    17   A  0.6528669309027981
   2    18   G  0.6313103821559917
   2    19   G  0.6578788751191766
   2    20   A  0.6468122920132223
   2    21   G  0.6489435952724377
   2    22   G  0.6253456781479855
   2    23   U   0.374869082208907
   2    24   C  0.5345621667594228
   2    25   A  0.7451942134130835
   2    26   C  0.8268274243902812
   2    27   A  0.7341027146150679
   2    28   C  0.6418879306860781
   2    29   C  0.6552193063202142
   2    30   U  0.7163714494782331
   2    31   G  0.5734134745564863
   2    32   U   0.599040808667223
   2    33   U  0.6506030289712262
   2    34   C  0.6752763116010617
   2    35   C   0.716117189175816
   2    36   C  0.7888331946682995
   2    37   A  0.8213868521342931
   2    38   U  0.7725207434765698
   2    39   G   0.727419491538151
   2    40   C  0.7220292642023266
   2    41   C  0.7701917806992461
   2    42   G  0.7743372833953264
   2    43   A  0.7634426168237782
   2    44   A  0.7846877475707638
   2    45   C  0.7803878194813181
   2    46   A  0.7818948438232625
   2    47   C  0.7029183041082431
   2    48   A  0.6752762370040897
   2    49   G  0.6277082573615522
   2    50   A  0.2540155472908713
   2    51   A  0.3837746201065981
   2    52   G   0.474422323887882
   2    53   U 0.49817494821789965
   2    54   U  0.6301181357706817
   2    55   A  0.6867297969275719
   2    56   A  0.6556816574308397
   2    57   G   0.724126153004793
   2    58   C  0.7753667593827959
   2    59   U  0.7535293790773094
   2    60   C   0.689746901112861
   2    61   C  0.6959789208767688
   2    62   U  0.7010173533286402
   2    63   U  0.7315386595539115
   2    64   A   0.722593121203639
   2    65   G  0.7417256403492035
   2    66   C  0.7780210251880606
   2    67   G  0.7767359142637956
   2    68   A   0.810637198020636
   2    69   C  0.8455940576324472
   2    70   G  0.8173284430866846
   2    71   A  0.8226600458565334
   2    72   U  0.8386978970949089
   2    73   G  0.8307986766263427
   2    74   G  0.8436264307874963
   2    75   U  0.8695991451541046
   2    76   A  0.9050730199218032
   2    77   G  0.8978780653740189
   2    78   U  0.8419572023804531
   2    79   C  0.8539379944945017
   2    80   C  0.8400035807225148
   2    81   A  0.8319205123128935
   2    82   A   0.694364773424385
   2    83   C    0.67889417791211
   2    84   U  0.6077319063820155
   2    85   U  0.4861312646111625
   2    86   A  0.5837060956101462
   2    87   C  0.6168143988272323
   2    88   G  0.7189431610918156
   2    89   U  0.7900965828337574
   2    90   U   0.790536315897543
   2    91   C  0.8000956316399541
   2    92   C  0.8620425291705901
   2    93   G  0.8408895876351171
   2    94   C  0.8819930914332229
   2    95   U  0.8578014420773662
   2    96   A  0.8897387082164466
   2    97   G  0.7957546432772895
   2    98   A  0.7753620388145221
   2    99   G  0.8216066658912929
   2   100   U  0.7054153211199404
   2   101   A    0.73105291948487
   2   102   G  0.7689567002856836
   2   103   A  0.7477979395224494
   2   104   A  0.7684920698513908
   2   105   C   0.741206722525417
   2   106   G  0.6489089938315186
   2   107   U  0.7232517852341923
   2   108   U  0.7689763504423806
   2   109   C  0.7500931373968044
   2   110   C  0.7627636877750755
   2   111   A  0.6898614220282814
   2   112   G  0.6037954748184109
   2   113   G  0.5212977749451662

CC per chain
   1  0.8331789538207627
   2  0.7577306271567409
