CC per residue
   1     3   U   0.348790242399792
   1     4   U   0.449249008100561
   1     5   G  0.7502702899598552
   1     6   A   0.819278646844233
   1     7   C   0.842115004293292
   1     8   C  0.8307440727915683
   1     9   U  0.7855289889091541
   1    10   C  0.6853145102349714
   1    11   A  0.7639259575309765
   1    12   A  0.8277316796501023
   1    13   A  0.7863768528344626
   1    14   U  0.5209763223365143
   1    15   C   0.749470465478136
   1    16   A  0.8621818450995733
   1    17   G  0.8805892385369332
   1    18   G  0.8870983918050811
   1    19   U   0.901099488796653
   1    20   A  0.9052442478908754
   1    21   G  0.9446445109833709
   1    22   G  0.9228878275513517
   1    23   A  0.8990347158741132
   1    24   C  0.8557409154016403
   1    25   U  0.7106007048067314
   1    26   A  0.8826868509428565
   1    27   C  0.9195001130109218
   1    28   G  0.9188671304323642
   1    29   C  0.8991397212378005
   1    30   G  0.8545679512841223
   1    31   C  0.8059420750294046
   1    32   U   0.682099843772971
   1    33   G  0.4124300003219125
   1    34   A 0.29483679602217205
   1    35   A  0.1862706540206673
   1    36   C  0.0448075414312804
   1    48   A 0.17800358334896235
   1    49   A 0.18290482350319717
   1    50   U  0.3177803387417415
   1    51   A  0.5707869382447244
   1    52   A  0.7450316839449201
   1    53   G  0.7920712692422139
   1    54   C  0.8137181029894589
   1    55   G  0.8699804485504595
   1    56   C  0.8891553605355264
   1    57   A  0.9014817733040329
   1    58   G  0.9121621312990685
   1    59   G   0.915159358014816
   1    60   A  0.9191102832603072
   1    61   A  0.9167615548371839
   1    62   A  0.8868814215477474
   1    63   A  0.9122343088179548
   1    64   G   0.919448796247583
   1    65   A  0.9279222005187783
   1    66   A  0.8910931428985047
   1    67   A  0.9102778460113055
   1    68   A  0.9371846945986402
   1    69   U  0.9012076295352875
   1    70   A  0.8959938769601519
   1    71   A   0.907836400851104
   1    72   C  0.8671277911802558
   1    73   C  0.8720981726677741
   1    74   A  0.8830520379943275
   1    75   U  0.9115605547733614
   1    76   G  0.8604689711166962
   1    77   A  0.8986726109701098
   1    78   U  0.9174786959585421
   1    79   U  0.9099155715897937
   1    80   C  0.9134756468859713
   1    81   C  0.9190872950052861
   1    82   C  0.9149699828042707
   1    83   U   0.901166813012322
   1    84   C  0.8967669234714966
   1    85   A  0.9010938162262099
   1    86   G  0.7973697994237275
   1    87   U  0.8498839458172149
   1    88   A  0.8243627141144544
   1    89   A  0.7724449474915244
   1    90   C  0.6599471337052961
   1    91   G 0.40946278993951335
   1    96   G  0.5222430245196735
   1    97   U  0.5741249809122319
   1    98   G  0.7660015350356592
   1    99   A  0.8946402104589207
   1   100   A  0.9053655621789906
   1   101   G  0.9106777793843065
   1   102   C  0.9092533350631209
   1   103   G  0.8933518833111059
   1   104   G   0.906587160992665
   1   105   G  0.9106086946419855
   1   106   A   0.886316589894944
   1   107   A  0.9017013497519921
   1   108   A  0.8675742204824273
   1   109   A  0.9065774695281182
   1   110   G   0.903328401017691
   1   111   C  0.8851186710073805
   1   112   U  0.9006931015693731
   1   113   C  0.9147622643206265
   1   114   A  0.8950227403656681
   1   115   A  0.9155001998546685
   1   116   A  0.8539857301840771
   1   117   U  0.8812433816688542
   1   118   U  0.9234830532902925
   1   119   U  0.8643563840946666
   1   120   G  0.8930800134279556
   1   121   A  0.8577427393673615
   1   122   A  0.9351840915061657
   1   123   A  0.9176817120177941
   1   124   U  0.9309949899301434
   1   125   C  0.9230029168021897
   1   126   U  0.8897409126775142
   1   127   G  0.9133608033861663
   1   128   G  0.9126410177975358
   1   129   C  0.9075347715140335
   1   130   A  0.8542087584836999
   1   131   A  0.8509200856760836
   1   132   C  0.8633272822383435
   1   133   A  0.8907001839389231
   1   134   U  0.8970378907233388
   1   135   U  0.8916113862320092
   1   136   U  0.7525740127170679
   1   137   C  0.8573759252820983
   1   138   U  0.8414329863363559
   1   139   U  0.8689728336970943
   1   140   U  0.8888738854619891
   1   141   U  0.8778366087864116
   1   142   G  0.8769634058791279
   1   143   U  0.8814031099002791
   1   144   U  0.8878416696476987
   1   145   G  0.8976731079807937
   1   146   U  0.8954032883610118
   1   147   C  0.9001537449978195
   1   148   C  0.8985022709253037
   1   149   G  0.9069147173452894
   1   150   A    0.90802665793098
   1   151   G  0.8981416690594209
   1   152   U  0.9087593656614495
   1   153   U   0.861432128175124
   1   154   G  0.8816109536295748
   1   155   U   0.924775327588157
   1   156   A  0.9149593547392738
   1   157   A  0.8945794652482504
   1   158   U  0.8753609169953345
   1   159   U  0.8825879831487539
   1   160   U  0.9077449907264676
   1   161   C  0.8710172250591383
   1   162   A  0.8351065054451361
   1   163   A  0.9032124491424016
   1   164   G  0.9213141099979971
   1   165   A   0.911617106555289
   1   166   A  0.9127623568140333
   1   167   G  0.8824692582619644
   1   168   C  0.8755906231104271
   1   169   U  0.8799624260279105
   1   170   G  0.8700383431192195
   1   171   C  0.8567746401706355
   1   172   U  0.8277590098623783
   1   173   U  0.8775457198090649
   1   174   U  0.8725464684761514
   1   175   G  0.8712655922219649
   1   176   A  0.7812460010034754
   1   177   G  0.8212518195429354
   1   178   U  0.8314896074103794
   1   179   G  0.8508886176067183
   1   180   U  0.8547225907661768
   1   181   A  0.8364959917039083
   1   182   G  0.8057574774600224
   1   183   A  0.8716453472871366
   1   184   C  0.8754005989446109
   1   185   G  0.9073181645210912
   1   186   A  0.8951576175722141
   1   187   U  0.8829251688922031
   1   188   C  0.8799899658566919
   1   189   G  0.8476824388817354
   1   190   G   0.801552449496542
   1   191   U  0.8051557471395346
   1   192   C  0.7909342530261804
   1   193   U  0.7497542377314772
   1   194   A   0.883940619120546
   1   195   A  0.9209536438194832
   1   196   G  0.9112481599012321
   1   197   U  0.8111346571472718
   1   198   U  0.8820808023171262
   1   199   C  0.9226395255654737
   1   200   C  0.9245371785312589
   1   201   U  0.9031641386282344
   1   202   U  0.9279739835668235
   1   203   G  0.9099353475992649
   1   204   G  0.9097576043412039
   1   205   A   0.927896567002551
   1   206   A  0.9229351329958382
   1   207   C  0.9104424639417359
   1   208   A  0.9231578424400687
   1   209   G    0.89464397799514
   1   210   G  0.9012163279988035
   1   211   A  0.9046992798571837
   1   212   C  0.8930869780421534
   1   213   G  0.8864312142830073
   1   214   U  0.9043834587639408
   1   215   C  0.9347076007437818
   1   216   A   0.905760509340102
   1   217   G  0.8657174874329847
   1   218   A  0.9088710017083842
   1   219   G  0.8990726090140232
   1   220   A  0.9049447813705148
   1   221   G  0.9093383587738645
   1   222   G  0.9030886167115398
   1   223   G  0.8988308608065497
   1   224   U  0.8817783372689943
   1   225   G  0.8975926090817956
   1   226   A   0.922982669901295
   1   227   G  0.8635452574851926
   1   228   A  0.8950931415361111
   1   229   A  0.9259185680658065
   1   230   C   0.935608265613881
   1   231   C    0.92608421557677
   1   232   C  0.9287534897541992
   1   233   C  0.9257637462386479
   1   234   G  0.9228059305174058
   1   235   U  0.9181670163943754
   1   236   C  0.9119214573767194
   1   237   U   0.895881278123133
   1   238   U   0.883558839884894
   1   239   U  0.7695682124118327
   1   240   G  0.7643744540956534
   1   241   G   0.793630754113569
   1   242   U  0.8119131217701276
   1   243   C  0.7864411681795612
   1   244   G  0.8304283933012815
   1   245   A  0.8564055113615304
   1   246   U   0.848584567075215
   1   247   U   0.861368106497305
   1   248   G  0.8960465666437408
   1   249   G  0.8714786059302496
   1   250   A  0.8610489337207121
   1   251   U  0.8777922834177322
   1   252   A  0.8426676485020891
   1   253   U   0.815528338085846
   1   254   G  0.8140921583476921
   1   255   C   0.875475136462069
   1   256   C  0.8969890525926815
   1   257   A  0.8823437941455652
   1   258   U  0.8829774414545792
   1   259   A  0.9134507428188673
   1   260   U  0.8995450627346981
   1   261   A  0.9256014341464638
   1   262   A   0.888092330926029
   1   263   A  0.8803431354897532
   1   264   G  0.8905822270855358
   1   265   C  0.9130175328217373
   1   266   G  0.8920970942827355
   1   267   C  0.8769653627812026
   1   268   U  0.8555564714327114
   1   269   U   0.830251955041493
   1   270   U  0.8789022546837865
   1   271   C  0.8915265078869052
   1   272   G  0.8807774799086097
   1   273   A  0.8939541978553904
   1   274   A  0.8908089193405446
   1   275   G  0.8766486595476203
   1   276   A  0.8913450165995328
   1   277   G  0.8337896418732704
   1   278   U  0.9002212518463879
   1   279   C  0.9006640338878725
   1   280   G  0.9031416900704584
   1   281   A  0.8780832147051116
   1   282   G  0.8636994886393237
   1   283   U  0.8377134506712283
   1   284   U  0.7124001973665288
   1   285   G  0.4818430463451747
   1   286   U  0.3387732152131938
   1   287   U 0.23926903359095242
   1   294   U  0.2738184327601265
   1   295   G  0.5741501095049091
   1   296   C  0.6981241562769125
   1   297   A  0.7407969420764609
   1   298   G  0.8218860534261896
   1   299   C  0.8274248687934034
   1   300   U  0.8633043247533189
   1   301   C  0.8775320836863609
   1   302   U  0.9158869228789128
   1   303   A  0.9136779794942316
   1   304   A  0.9211322463346463
   1   305   A  0.8787096890119656
   1   306   U  0.8285459880499094
   1   307   G  0.8910626915690912
   1   308   G  0.9207138282756261
   1   309   G  0.9096978268338463
   1   310   U  0.8886228697952381
   1   311   G  0.8874446063091452
   1   312   G  0.7884158616158816
   1   319   U  0.6008242420059052
   1   320   C  0.8558511277128494
   1   321   A  0.9162842069247871
   1   322   U  0.9171006867136187
   1   323   C  0.9187508184163415
   1   324   U   0.892227393686575
   1   325   A  0.8760722782716917
   1   326   A  0.9042937781604203
   1   327   A  0.9052711631523743
   1   328   G   0.910206892443087
   1   329   C  0.9119282188688071
   1   330   U  0.8968674783923366
   1   331   A  0.8888569693255323
   1   332   A  0.9031523953052054
   1   333   A  0.9168837090823408
   1   334   U  0.8799825503464134
   1   335   A   0.911876632002379
   1   336   U  0.8958976680319927
   1   337   U  0.7572766980967756
   1   338   G  0.8651583685234049
   1   339   G   0.880232203468186
   1   340   C  0.8602843752011071
   1   341   G  0.8777712730327099
   1   342   A  0.8931883360066525
   1   343   G  0.8924019343409725
   1   344   A  0.8712507881919825
   1   345   G  0.8512257158858991
   1   346   A  0.8690914981404106
   1   347   C  0.8800939572878078
   1   348   C  0.8817583472465486
   1   349   G  0.9062534311138445
   1   350   A  0.9237442409266733
   1   351   U  0.8921773016665457
   1   352   A  0.9187335006419706
   1   353   G  0.9025737663042025
   1   354   C   0.890694530558245
   1   355   G  0.8922778683218537
   1   356   A  0.8935879680872585
   1   357   A  0.9400673442853514
   1   358   C   0.905293075870048
   1   359   A  0.8055137155027006
   1   360   A   0.901278614497024
   1   361   G  0.8952881673866406
   1   362   U  0.8876975385293082
   1   363   A  0.8617468523181457
   1   364   G  0.8650788860487957
   1   365   A  0.8587424348101357
   1   366   G  0.8042711245109999
   1   367   U  0.8238041232775828
   1   368   G  0.8226515910978679
   1   369   A  0.8414862111100336
   1   370   U  0.8646804579010161
   1   371   C  0.8646533059978538
   1   372   G  0.9036002618821455
   1   373   A  0.9102030987928846
   1   374   A   0.919450498191963
   1   375   A   0.919812113581565
   1   376   G  0.9184234884284297
   1   377   A  0.9025900269013846
   1   378   U  0.9262562574601994
   1   379   G  0.9250811568489226
   1   380   A  0.9118086267881717
   1   381   A  0.9189799360841836
   1   382   A  0.9181783805815017
   1   383   A  0.9178216497061492
   1   384   G  0.9114984502510771
   1   385   A   0.920935228085565
   1   386   A  0.9145170499798038
   1   387   C  0.9155021011610264
   1   388   U  0.9133972112276446
   1   389   U  0.9098465983939025
   1   390   U  0.8932849869469641
   1   391   G  0.8544416203896812
   1   392   A  0.7911162946465345
   1   393   A  0.7926244687267077
   1   394   A  0.7754600635740515
   1   395   A  0.8218723147425459
   1   396   G   0.855929136126454
   1   397   A  0.8728494210249501
   1   398   G  0.8993546532573738
   1   399   A  0.8956301904634744
   1   400   G  0.8760953523819879
   1   401   U  0.9171127371886734
   1   402   U  0.8861866560493944
   1   403   A  0.9103200218774855
   1   404   A  0.9093201014641735
   1   405   A  0.9068378642709547
   1   406   U  0.7457195401055097
   1   407   A  0.9256297322783175
   1   408   G  0.9117128316525224
   1   409   U  0.8032578993809424
   1   410   A  0.7981144757625578
   1   411   C  0.8935803379065141
   1   412   G  0.8902199322069744
   1   413   U  0.8907380846252062
   1   414   G  0.8879307570879379
   1   415   A  0.9292939664976818
   1   416   A  0.9245033896369249
   1   417   A  0.9181812644354986
   1   418   U  0.9110777119049944
   1   419   U  0.9028909619175521
   1   420   G  0.9001943384499053
   1   421   C  0.8933195969347996
   1   422   U  0.9113673213420255
   1   423   G  0.9060342819171064
   1   424   A  0.8759552585578733
   1   425   A  0.7981357365788392
   1   426   A  0.8091660243223892
   1   427   G  0.7039544281128669
   1   428   G   0.391561353925221
   1   429   G 0.32353879851183925
   1   430   A 0.23747187546715245
   1   431   A 0.49246497742800266
   1   432   G  0.5895130950488408
   1   433   C  0.8346554983234196
   1   434   A   0.876994361841164
   1   435   U  0.8731421715402302
   1   436   U  0.8797377929003953
   1   437   G  0.8910229409401094
   1   438   G  0.8901143023816533
   1   439   A  0.9038865593583059
   1   440   A   0.895899806230388
   1   441   A  0.8529744532685513
   1   442   U  0.7551710447130195
   1   443   C  0.8015156435427176
   1   444   A   0.717098311940759
   1   445   G  0.4469508003029335
   1   446   U 0.29392731571800007
   1   447   C   0.534783589060442
   1   448   U  0.5309958467882564
   1   449   U  0.4130958045078019
   1   450   A  0.4121673334473921
   1   451   C  0.5744636006850558
   1   452   C 0.47846585635014377
   1   453   U  0.4776259903127593
   1   454   G  0.6358946169116474
   1   455   G  0.6942202906906003
   1   456   G  0.6228134143839159
   1   457   U  0.5304937079484165
   1   458   G   0.617495852276154
   1   459   A   0.842180519983941
   1   460   G  0.7796297689012716
   1   461   A  0.6391382686925086
   1   462   U  0.7749521456129325
   1   463   C  0.8229308152533764
   1   464   A  0.7788925700612156
   1   465   G  0.4527027601325517
   1   466   U  0.5421320056971947
   1   467   A  0.6870061842732776
   1   468   G  0.8363436259409894
   1   469   U  0.8744115772123385
   1   470   C   0.902511051277984
   1   471   U  0.8937643960767433
   1   472   C  0.8471502719901958
   1   473   U  0.6301230681349039
   1   477   C  0.4881644008923345
   1   478   G  0.6998725627023198
   1   479   A  0.8704636136736421
   1   480   G  0.8761403051263622
   1   481   A  0.8421976590416524
   1   482   C  0.8589747617955474
   1   483   U  0.8927401581032399
   1   484   A  0.8680231630221441
   1   485   U  0.7845247775614098
   1   486   G    0.81827366448974
   1   487   C  0.6522709316246378
   1   488   A  0.5577953123168753
   1   489   C  0.8415544214789181
   1   490   U   0.868051195453742
   1   491   C   0.873178387194505
   1   492   U  0.8273107047264902
   1   493   G  0.3233853277940436
   1   494   A  0.6034475806003106
   1   495   A  0.7346212106839242
   1   496   C  0.6096212335216146
   1   497   C  0.6204981061844808
   1   498   U  0.5832402610478103
   1   499   G 0.41239658733992496
   1   500   U 0.30539765903970406
   1   501   G  0.6443327831996475
   1   502   G  0.6755693199439567
   1   503   U  0.5652955957470891
   1   504   A  0.5015007916438481
   1   505   G  0.4588540597368349
   1   506   G  0.6878019219480352
   1   507   U  0.7608020873947758
   1   508   C  0.7857828084694298
   1   509   A   0.844111369650207
   1   510   G  0.8998753343912433
   1   511   C  0.9129010130382318
   1   512   A  0.9022158599144295
   1   513   U  0.8892713261819141
   1   514   C  0.8853216655332379
   1   515   A  0.9125318546574993
   1   516   G  0.8985934527275262
   1   517   U  0.9116734341088768
   1   518   U  0.9050414998581563
   1   519   U  0.9001554126736733
   1   520   U  0.8995395468580119
   1   521   C  0.8849527098233776
   1   522   G  0.8766437659844605
   1   523   G  0.8710420440345954
   1   524   G  0.8814380608273028
   1   525   G  0.8784422555630066
   1   526   G   0.904753154869991
   1   527   C  0.8916711044140314
   1   528   G  0.8894683712776905
   1   529   G  0.7882858752888227
   1   530   A  0.7878341195578662
   1   531   A  0.7993002008697714
   1   532   A  0.8353460761149473
   1   533   A  0.8728026399799171
   1   534   A  0.8646980604879254
   1   535   G  0.8729984522203527
   1   536   A  0.8271820833677074
   1   537   A  0.7291332512365636
   1   538   U  0.6179079531868482
   1   539   A   0.615550934458766
   1   540   A  0.5772248332003374
   1   541   G   0.666937328750479
   1   542   G  0.6639789924135135
   1   543   G  0.5808037145079316
   1   544   A  0.5225763402360835
   1   545   A  0.4530336447297061
   1   546   G 0.36017354109491245
   1   547   G  0.4764090910665764
   1   548   U  0.6043329659427078
   1   549   G  0.5229090214518611
   1   550   G  0.5884596288455263
   1   551   C  0.4808732732974762
   1   574   U 0.04871956815960488
   1   575   G 0.25200392774180796
   1   576   U  0.4114542947182253
   1   577   U  0.6048733608498414
   1   578   U  0.6908890953168647
   1   579   A  0.5526322858035606
   1   580   U   0.556781610150538
   1   581   A  0.6560711698753456
   1   582   G  0.7286246413594187
   1   583   C  0.7793682327630618
   1   584   C  0.8113505790151603
   1   585   C  0.7936399837567627
   1   586   U  0.7404594056151712
   1   587   U  0.7240242386983422
   1   588   G  0.6130303173061455
   1   589   U  0.4955989641190896
   1   590   U  0.6375513669029597
   1   591   G  0.7118946469058364
   1   592   U   0.637507892877782
   1   593   A  0.8590213081960069
   1   594   A  0.8515719149780667
   1   595   U  0.8944279883629731
   1   596   A  0.8640597676009175
   1   597   C  0.9017662673283801
   1   598   G  0.9009383294839072
   1   599   U  0.8941578004305373
   1   600   C  0.8971129188839189
   1   601   C  0.9061065358418264
   1   602   A  0.8693149689397244
   1   603   C  0.8929938141349352
   1   604   U  0.8954763285433601
   1   605   G  0.8755590590293444
   1   606   G  0.8905195821561074
   1   607   G   0.901497662327739
   1   608   G  0.8916351133560688
   1   609   A  0.9101305691090115
   1   610   C  0.9094937562631843
   1   611   U  0.9108157124693593
   1   612   G  0.9035644226520676
   1   613   A   0.883110826236088
   1   614   G  0.8934319118186679
   1   615   G  0.8352241524099216
   1   616   A  0.9002180911738089
   1   617   C  0.8610778511136907
   1   618   U  0.8388422046334061
   1   619   G  0.8511199277138978
   1   620   C  0.8718565009449671
   1   621   G  0.8684425620404413
   1   622   G  0.8688033931504417
   1   623   C  0.8257697003694345
   1   624   U  0.7722075578109785
   1   628   U   0.569815147786592
   1   629   G   0.795636695024901
   1   630   C  0.9010690907331261
   1   631   C  0.9141624470529012
   1   632   A  0.8467369879960576
   1   633   A  0.8724486648206735
   1   634   G  0.8489063717524508
   1   635   G   0.903086863906869
   1   636   A  0.9045407348942823
   1   637   U  0.8865517390528078
   1   638   G  0.8950966146116688
   1   639   C  0.8884023324938451
   1   640   U  0.8749416374398665
   1   641   G  0.8870648609570865
   1   642   A  0.8662002767071922
   1   643   C  0.6683241051529832
   1   644   A 0.36164134670178516
   1   645   U 0.30880355661397085
   1   646   A 0.43516096281701366
   1   647   A  0.6015669552459068
   1   648   U  0.6780543330424682
   1   649   G  0.7521683290080232
   1   650   G  0.8310214114857016
   1   651   U  0.8651875425217431
   1   652   U  0.8888037023735184
   1   653   U   0.876588685328745
   1   654   U  0.8712049943739496
   1   655   C  0.9107504455795778
   1   656   A  0.9186461305570716
   1   657   A  0.9008869476800684
   1   658   U  0.8843399736575391
   1   659   G   0.874702578256438
   1   660   G  0.8046315650481811
   1   661   C  0.6085283904153107
   1   662   C  0.7411258285024833
   1   663   C  0.8353199562652185
   1   664   G  0.8353878059282209
   1   665   U  0.7929970176426402
   1   666   C  0.7292051714849811
   1   667   U  0.5641334249062633
   1   668   U  0.3397855946116554
   1   669   G  0.0887609053790346
   1   670   A 0.20393946634041454
   1   671   A  0.1842517258349765
   1   672   A  0.4099593152058002
   1   673   C  0.5497510535534788
   1   674   A  0.6814560003426137
   1   675   C  0.7658551991535371
   1   676   G   0.824420658526308
   1   677   G   0.801433888490154
   1   678   A  0.9058957408909739
   1   679   C  0.9203006058978686
   1   680   C  0.9122180388760078
   1   681   A  0.9299365735974363
   1   682   A  0.9306834074322325
   1   683   G  0.9050951266963028
   1   684   G  0.9178742870291262
   1   685   A  0.9041390545014513
   1   686   G  0.8690930994336783
   1   687   U  0.8723944005541493
   1   688   C  0.8861188057271454
   1   689   U  0.8906602765705316
   1   690   A  0.8847680872468685
   1   691   G  0.8900190205693228
   1   692   C  0.8982674354836596
   1   693   A  0.8912206448888202
   1   694   U  0.8360876461515624
   1   695   C  0.8940634325325548
   1   696   U  0.9043961354409441
   1   697   A  0.9014030772909467
   1   698   U  0.8866934733233824
   1   699   G  0.9107062245393043
   1   700   C  0.9277746921260464
   1   701   G  0.9015594337408437
   1   702   A  0.8747443932389205
   1   703   G  0.9171248506550955
   1   704   U  0.9408727911906567
   1   705   G  0.9098948730522121
   1   706   U  0.8539921692563333
   1   707   U  0.8436047219416417
   1   708   U  0.8907965639861289
   1   709   G  0.9082108235046992
   1   710   G  0.9035877566862701
   1   711   G  0.9077718661375397
   1   712   U  0.8638788355363399
   1   713   G  0.9068517887469075
   1   714   A    0.77290149378216
   1   715   U  0.7163828868504011
   1   716   G  0.6947913360355512
   1   717   A  0.9005046617960557
   1   718   A  0.8964743742400698
   1   719   A  0.8993655704155988
   1   720   A  0.8883019865474487
   1   721   C  0.9105596846004708
   1   722   C  0.8805987603012357
   1   723   C  0.8703099490413573
   1   724   A  0.8328499949240382
   1   725   U  0.8704330972312313
   1   726   C  0.8795134905698337
   1   727   C  0.8871670100607824
   1   728   G  0.9134770007357714
   1   729   C  0.9036888960392495
   1   730   G  0.8945788765364939
   1   731   A  0.8551116345738908
   1   732   A  0.5064463396162376
   1   749   G  0.5059706184089375
   1   750   U  0.6942871600158397
   1   751   G  0.8274672226364035
   1   752   G  0.8412323330437792
   1   753   G  0.8967518896015045
   1   754   A  0.8774772061626291
   1   755   A  0.8763004991576512
   1   756   C   0.878547231664345
   1   757   G  0.8758953488587063
   1   758   C  0.8211314896006112
   1   759   C  0.6627844049862909
   1   760   C 0.46134988439144287
   1   761   U   0.495383293529601
   1   762   U  0.4536169412019712
   1   763   G 0.48275877409515827
   1   764   U  0.5115689031903744
   1   765   G  0.6905777520522723
   1   766   G  0.8058258829084084
   1   767   C    0.78993383263396
   1   768   G  0.7932869217561415
   1   769   U  0.7635557478127579
   1   770   G   0.811240632277982
   1   771   C  0.8519139941061796
   1   772   A  0.8916178737994528
   1   773   C   0.839881653777958
   1   774   C  0.7982161223399867
   1   775   A  0.7256138914023605
   1   776   U  0.6435253228197599
   1   777   C 0.43501636981136843
   1   816   A  0.5600961032917079
   1   817   G  0.7813661877777923
   1   818   A   0.893023871687578
   1   819   G  0.9308908119474467
   1   820   C   0.935166572637409
   1   821   A  0.9114978644264102
   1   822   U  0.9069968724786259
   1   823   A  0.9072820625092928
   1   824   G  0.8796669249201867
   1   825   C  0.8392721706050359
   1   826   U    0.86577854784748
   1   827   G  0.8556989126334817
   1   828   U   0.860639727993342
   1   829   U  0.8651973752654738
   1   830   G   0.864750639527875
   1   831   G  0.8582720536901846
   1   832   G  0.7909005752337971
   1   833   A  0.8569844073305449
   1   834   C  0.8880987200826564
   1   835   C  0.9007538852728753
   1   836   C  0.8035932992728794
   1   837   G  0.6919214776937508
   1   838   A  0.5406481562694199
   1   839   A  0.3234866161638983
   1   840   A  0.3244442808694298
   1   841   G  0.5805429457743224
   1   842   A   0.745242974394093
   1   843   U  0.7989373852232049
   1   844   G  0.7813196488718639
   1   845   G  0.7848727564912437
   1   846   U  0.8265803533028363
   1   847   G  0.6885229622993815
   1   957   A 0.46227379693374976
   1   958   A  0.6735445917863679
   1   959   C  0.7458881339346104
   1   960   C  0.7625209687377881
   1   961   A  0.7935776036055993
   1   962   U  0.7820211349636854
   1   963   C  0.6173034010624655
   1   964   U  0.3210042460593992
   1   965   A  0.2236289656264713
   1   966   G 0.20233124628071372
   1   967   U  0.2929124234680717
   1   968   A  0.4744171600626918
   1   969   G  0.4805049953147234
   1   970   C  0.7117829222197262
   1   971   U   0.777766855887761
   1   972   G  0.8865955087209939
   1   973   G  0.8962759070368574
   1   974   U  0.8938503040837731
   1   975   U  0.9079780917093008
   1   976   C  0.9132742656955689
   1   977   C  0.9077369871175437
   1   978   U  0.9134790460876536
   1   979   G  0.8911475771590869
   1   980   C  0.9030671694305575
   1   981   C   0.882370163769576
   1   982   G   0.875533295346176
   1   983   A  0.7987028933823287
   1   984   A   0.732880195113607
   1   985   G  0.5200673476258723
   1   986   U   0.377935561017442
   1   987   U  0.3743054553551195
   1   988   U  0.3267783406211676
   1   989   C  0.3823821811265219
   1   990   C  0.3966030527610509
   1   995   G  0.4360482466524926
   1   996   G 0.43338976961540815
   1   997   A 0.48036688497759483
   1   998   U   0.530142423641464
   1   999   A   0.605541993880461
   1  1000   G  0.7154916562711261
   1  1001   C  0.7460924376919003
   1  1002   A  0.6922562186478792
   1  1003   G  0.6777801248904411
   1  1004   A  0.6524976004228037
   1  1005   A  0.6233932125049982
   1  1006   A   0.617636141174212
   1  1007   C  0.6458918595697246
   1  1008   U  0.5225375769714591
   1  1009   C  0.3673162458760004
   1  1010   A  0.4159265499632859
   1  1011   G 0.23674073381172198
   1  1012   A  0.4046264255000546
   1  1013   U  0.6834667954038269
   1  1014   C  0.8048634598650967
   1  1015   A  0.7898265498065857
   1  1016   G  0.6111919454983219
   1  1017   U  0.6552953904682375
   1  1018   U  0.6397776070576637
   1  1019   U  0.7384359968043402
   1  1020   U  0.6238823655390986
   1  1021   A 0.44980548432464756
   1  1022   U  0.2445772530551841
   1  1023   G 0.16515215377368944
   1  1024   A 0.26858337306714225
   1  1025   G 0.23198965808667088
   1  1088   U 0.08820534515557717
   1  1089   A 0.26398473183038584
   1  1090   U   0.212126603577665
   1  1091   G 0.27891567119860905
   1  1092   U 0.33079760930494095
   1  1093   A  0.4235181406006698
   1  1094   A  0.4159281931242513
   1  1130   A  0.6476949618010399
   1  1131   A  0.7742142670472355
   1  1132   U  0.7306348473100491
   1  1133   G  0.7868389997858425
   1  1134   A  0.7968154728332647
   1  1135   G  0.6596567469878193
   1  1136   A  0.6638043844489189
   1  1137   G  0.6554145000075817
   1  1138   U  0.5790483661893238
   1  1139   U  0.6018079858187897
   1  1140   U  0.6054875657924766
   1  1141   C  0.5245749009533446
   1  1142   U  0.5803434933360309
   1  1143   A  0.6740143200350417
   1  1144   G  0.7264322947513282
   1  1145   U  0.7284147528743556
   1  1146   G   0.512904333507058
   1  1147   G  0.3854748597137264
   1  1148   G  0.5527782400749344
   1  1149   C  0.5340952383999777
   1  1150   C  0.5494767508364041
   1  1151   A  0.4682046895583268
   1  1152   U  0.3035287659895206
   1  1153   U 0.21804193849451842
   1  1154   U  0.3142569879784542
   1  1155   U 0.40529217669557877
   1  1156   U  0.3827501022596527
   1  1157   G 0.43793966386928357
   1  1158   G 0.40710201513146577
   1  1159   U  0.5169620957376709
   1  1160   A 0.40022052530398305
   1  1161   A  0.4586946356101722
   1  1162   G 0.22274674408730272
   1  1163   C  0.2931935341811793
   1  1164   A  0.4014077758699782
   1  1165   G 0.44834145859778607
   1  1166   A  0.4706608105642362
   1  1167   A  0.4719067879615205
   1  1168   C  0.4455111748843447
   1  1169   U   0.394870255467365
   1  1170   G  0.4466147899880423
   1  1171   G   0.457192898628821
   1  1172   C   0.496754498802608
   1  1173   G  0.4435443263874336
   1  1174   A  0.7365891851706611
   1  1175   U   0.816819936117123
   1  1176   G  0.8718375034109797
   1  1177   C  0.9035841537590752
   1  1178   G  0.9152739302330443
   1  1179   G  0.8941952067037636
   1  1180   G  0.8264355600809243
   1  1181   A  0.6027166292612214
   1  1182   U  0.5755051270551003
   1  1183   G  0.5725077151066861
   1  1184   A 0.19156176831126742
   1  1185   A 0.38309053229026646
   1  1186   C   0.836427947064245
   1  1187   C  0.8867960885126145
   1  1188   G   0.911406728179257
   1  1189   A  0.8940503984466819
   1  1190   A  0.8437037363756491
   1  1191   C  0.8736797717615914
   1  1192   G  0.9078824957824353
   1  1193   U  0.8815952829643192
   1  1194   G   0.916545706820053
   1  1195   A  0.9094362304145792
   1  1196   G  0.9083622997572718
   1  1197   G  0.9255196226372496
   1  1198   U   0.900757190563268
   1  1199   U  0.8991594656453538
   1  1200   A  0.8768176522386287
   1  1201   A  0.8515051404270811
   1  1202   G  0.8954829811023987
   1  1203   G  0.9052423629977607
   1  1204   U  0.9182348008468905
   1  1205   G  0.9038890273775784
   1  1206   C  0.9023559078349966
   1  1207   C  0.9055244969592566
   1  1208   G  0.8992355751731914
   1  1209   G  0.8915518588783703
   1  1210   A  0.8955385397669452
   1  1211   A  0.8711534938494864
   1  1212   U  0.8446446803780727
   1  1213   G  0.8646246704155199
   1  1214   U  0.8724692315555758
   1  1215   A  0.8511958597803618
   1  1216   C  0.8382945870909768
   1  1217   G  0.8343457985462733
   1  1218   C  0.8006315446945944
   1  1219   U  0.6911674343376641
   1  1220   C  0.5338109282961124
   1  1221   A   0.255140335492258
   1  1222   U 0.14539125485109836
   1  1223   C 0.22818871461919338
   1  1224   A  0.3039754747714493
   1  1225   G  0.5044916092722604
   1  1226   A  0.3418914284577876
   1  1227   C 0.09062994504894681
   1  1232   G 0.17383593119374646
   1  1233   A 0.02468406591780667
   1  1234   A-0.0006766651385181425
   1  1235   A 0.23794472823675797
   1  1236   A 0.30533029975409554
   1  1237   G 0.44686824729161395
   1  1238   G  0.2800523375068983
   1  1239   U-0.14076406397340294
   1  1240   G 0.18550878879861746
   1  1241   U 0.13839396939443188
   1  1242   U 0.18770864175972304
   1  1243   A 0.26295519171468745
   1  1244   G 0.23564653948093017
   1  1245   U 0.20255255125907495
   1  1246   U  0.2773863861405922
   1  1247   C 0.34633107633625687
   1  1248   A   0.381491885081261
   1  1249   U 0.36523054226140406
   1  1318   A  0.2570006731662848
   1  1319   U  0.2928545055725666
   1  1320   G 0.31686278754378755
   1  1321   A 0.24637313909000672
   1  1322   A  0.2130289271909641
   1  1323   C 0.19098816542689317
   1  1324   U 0.30818333180567553
   1  1325   A  0.4323248918134113
   1  1326   G 0.35170529501780784
   1  1327   C  0.3189540877723193
   1  1328   C  0.3456403407829256
   1  1329   C  0.2832361819831135
   1  1330   U  0.1274225339462713
   1  1331   G 0.17631250669123638
   1  1341   G  0.8461834466400755
   1  1342   G  0.8634903421773811
   1  1343   C  0.8652634607504429
   1  1344   G  0.8895679944545206
   1  1345   C   0.869315878858291
   1  1346   U  0.8649205415110061
   1  1347   U  0.6303327569352037
   1  1348   A  0.8110403112335118
   1  1349   A  0.8682134516074534
   1  1350   G  0.8391381138182439
   1  1351   C  0.8616620342785899
   1  1352   G  0.8712200733360258
   1  1353   U  0.8643182811607276
   1  1354   A  0.8522205077158799
   1  1355   C  0.8375103164117772
   1  1356   U  0.8518666262843542
   1  1357   A  0.8808245396180654
   1  1358   C   0.908976739712282
   1  1359   C  0.9223986204132822
   1  1360   C  0.8601354414296392
   1  1361   A   0.898819419938313
   1  1362   U  0.8895570662204295
   1  1363   A  0.9213147056924786
   1  1364   C  0.8987155745201836
   1  1365   C  0.8905357797849945
   1  1366   U  0.9161678867574131
   1  1367   C  0.9108203895995287
   1  1368   A  0.9209385032006855
   1  1369   C  0.9084174426244849
   1  1370   C  0.9037718243071409
   1  1371   G  0.9194032654119116
   1  1372   U   0.928408744662718
   1  1373   C  0.9266715514265036
   1  1374   U   0.917317366995243
   1  1375   G  0.8955644447094425
   1  1376   G  0.8691090896687483
   1  1377   G  0.9001192314614921
   1  1378   U  0.9110246439032506
   1  1379   U   0.879067414358968
   1  1380   A  0.8004452502071492
   1  1381   G  0.7946000771391384
   1  1382   C  0.7860650628105245
   1  1383   U  0.8252602858928106
   1  1384   U  0.8874822523777386
   1  1385   U  0.8462668661712476
   1  1386   G  0.8183809079624161
   1  1387   A  0.8740481030744774
   1  1388   G  0.7989230707309033
   1  1389   A  0.8533879636507076
   1  1390   A  0.8704090618430523
   1  1391   G  0.9119322154053906
   1  1392   C  0.9049568491208396
   1  1393   U   0.906435923576457
   1  1394   C  0.9167889773204022
   1  1395   A  0.9133350090944078
   1  1396   G  0.9077108470197685
   1  1397   A  0.9272324040251834
   1  1398   C  0.9264376685420709
   1  1399   G  0.9123224210454477
   1  1400   A  0.8704772085350869
   1  1401   G  0.8332939144294145
   1  1402   U   0.870803706787693
   1  1403   A  0.8051467183465142
   1  1404   G  0.8145799575371558
   1  1405   G  0.8586269726310748
   1  1406   C  0.8552416320509878
   1  1407   A   0.876653782873583
   1  1408   G  0.8831579351750715
   1  1409   G  0.9029782770512257
   1  1410   C  0.9158418560365329
   1  1411   G   0.905690188090027
   1  1412   U  0.9065198376932024
   1  1413   G  0.9115748828188465
   1  1414   G  0.9004020540525365
   1  1415   A  0.8928452762526156
   1  1416   G  0.8762891120619553
   1  1417   G   0.860463836852446
   1  1418   U  0.8778588629867432
   1  1419   U   0.887928210843716
   1  1420   U   0.715836762581669
   1  1421   G  0.8883609937757599
   1  1422   U  0.8933120938438976
   1  1423   G  0.9022103479935364
   1  1424   A  0.9150172080028233
   1  1425   C  0.8817990788972573
   1  1426   G  0.9043206732781904
   1  1427   A  0.9123541883303486
   1  1428   A  0.9237096109687103
   1  1429   G  0.9224974317412534
   1  1430   C  0.9184457129139983
   1  1431   C  0.9139266849392371
   1  1432   U  0.8674328055489408
   1  1433   U  0.7760549691746822
   1  1434   G  0.8829786713256422
   1  1435   G  0.8782849274378443
   1  1436   G   0.875843148593337
   1  1437   C  0.9059322404354022
   1  1438   G  0.9055665516778147
   1  1439   U  0.8881705779541818
   1  1440   G  0.9213527103817539
   1  1441   A  0.9196620780100442
   1  1442   G  0.9132268741737154
   1  1443   C  0.8953021269443102
   1  1444   C  0.9101510300983261
   1  1445   U   0.901999598265338
   1  1446   G  0.9088277827305289
   1  1447   G   0.906859037544983
   1  1448   G  0.9084670111995187
   1  1449   U  0.9065830915266435
   1  1450   C  0.9223887799337623
   1  1451   G  0.8822254123127491
   1  1452   A   0.903720829423014
   1  1453   A  0.9194495678924313
   1  1454   C  0.8845813238231554
   1  1455   A   0.903298221768461
   1  1456   G  0.8916867656891057
   1  1457   C  0.8989624597312754
   1  1458   C  0.8862705879773626
   1  1459   U  0.8797619701706499
   1  1460   C  0.8997783643534384
   1  1461   U  0.9028051648304756
   1  1462   A  0.8973427535381653
   1  1463   G  0.8531488518839159
   1  1464   U  0.8588723669348733
   1  1465   G  0.8888652910314273
   1  1466   C  0.8982871200096607
   1  1467   A   0.845286888485387
   1  1468   G  0.8386048225432793
   1  1469   A  0.9101840159078523
   1  1470   U  0.8370033339420964
   1  1471   C  0.8716697209606782
   1  1472   U  0.8951938685350932
   1  1473   U  0.9201598778893881
   1  1474   G  0.9251207002611916
   1  1475   G   0.933035636399037
   1  1476   U  0.9069666599911964
   1  1477   G  0.8990409012134569
   1  1478   G  0.8715838588083056
   1  1479   A  0.8638777223764964
   1  1480   A  0.8869748124713032
   1  1481   G  0.8485138816435445
   1  1482   U  0.8490432755386802
   1  1483   A  0.8494703026379227
   1  1484   G  0.8213882587167107
   1  1485   C  0.7652340107443026
   1  1935   U  0.5345016586088679
   1  1936   A  0.5318380340669631
   1  1937   G  0.5838465038293416
   1  1938   A  0.5041725691666156
   1  2437   U 0.38754499837430495
   1  2438   C  0.6147908620632614
   1  2439   U  0.7429765992497213
   1  2440   A  0.8128740396044245
   1  2441   G  0.8517647629266122
   1  2442   C  0.8370177353978323
   1  2443   G  0.8222939189505779
   1  2444   A  0.8569733694264132
   1  2445   A  0.8158785063995501
   1  2446   A  0.8304984884216458
   1  2447   C  0.8607153359072358
   1  2448   C  0.8751749815034778
   1  2449   A  0.8128826348856693
   1  2450   C  0.7194340336484295
   1  2451   A  0.5486990650192577
   1  2452   G 0.38520981054899406
   1  2453   C  0.3712256277775157
   1  2454   C   0.585566265593864
   1  2455   U  0.6429755466712797
   1  2456   G  0.5676577402074547
   1  2457   G  0.5152849723932186
   1  2458   G 0.40532615247135223
   1  2459   G  0.2015470445965541
   1  2460   A 0.15464364288381288
   1  2461   A 0.30208491333724646
   1  2462   C 0.23480109267306012
   1  2463   G  0.2885307592650514
   1  2464   G  0.4547820553479303
   1  2465   G 0.47978471212009244
   1  2466   C  0.5879674214462857
   1  2467   C  0.5764873125337924
   1  2468   A  0.6498311671408935
   1  2469   G  0.5928329765494812
   1  2470   G   0.531121960434486
   1  2471   C  0.3967792453344852
   1  2983   U  0.2814496828917645
   1  2984   C 0.33734401335267356
   1  2985   A  0.4335632764539943
   1  2986   U  0.4817935620886945
   1  2987   A  0.2945254838359025
   1  2988   C 0.13121453087885124
   1  2989   C 0.28326827974862623
   1  2990   G  0.4610801100304093
   1  2991   A 0.49614451649554714
   1  2992   A  0.3863371156758508
   1  2993   G  0.3486022084212783
   1  2994   C 0.17119178387883063
   1  2995   A 0.23401486986116493
   1  2996   G 0.26746916317913944
   1  2997   A  0.3697819839490479
   1  2998   A 0.16460970248927653
   1  2999   U-0.10769349859082417
   1  3000   U-0.31981136650264963
   1  3001   C-0.032358645724636946
   1  3002   G 0.16718625184368852
   1  3003   G  0.2708754632901439
   1  3004   U 0.37899389838647096
   1  3005   A  0.2864160743018781
   1  3006   A 0.27400838844623565
   1  3007   G 0.35362811163335706
   1  3008   C  0.3662952299833766
   1  3094   U  0.5576438194484876
   1  3095   C  0.6904281671898584
   1  3096   G  0.7246052472330585
   1  3097   U   0.770904597798973
   1  3098   C  0.6988975659025866
   1  3099   G  0.7289065581919938
   1  3100   C  0.7546327787019858
   1  3101   A  0.7363044230624188
   1  3102   A  0.8032939724245259
   1  3103   U  0.7585968473003613
   1  3104   G   0.726947221045298
   1  3105   G  0.7521847835347326
   1  3106   U  0.6327719459729562
   1  3107   A 0.18186802287092885
   1  3108   A 0.21776853881427968
   1  3109   U  0.2724455665539504
   1  3110   U  0.1940026782476478
   1  3111   C  0.3689667430504856
   1  3112   A  0.4472021929052548
   1  3113   A  0.5019244242884563
   1  3114   C  0.5576921986189115
   1  3115   U  0.4865588139701393
   1  3116   U  0.4346478863249916
   1  3117   A  0.2458759028362737
   1  3118   G  0.2201585774671704
   1  3119   U    0.24091468112212
   1  3120   A  0.4178389590212915
   1  3121   C 0.22154184507733637
   1  3122   G 0.24476475298925415
   1  3123   A 0.45879951993915896
   1  3124   G   0.486545626278574
   1  3125   A 0.27385435898987215
   1  3126   G  0.2968789673453877
   1  3127   G  0.3087430156676821
   1  3128   A  0.4516234203821385
   1  3129   A 0.47411402988762824
   1  3130   C  0.3608668301507179
   1  3131   C  0.3020146401137666
   1  3132   G  0.4663201226244892
   1  3133   U  0.6116638691119801
   1  3134   U  0.6574070864518766
   1  3135   G  0.6713036905201742
   1  3136   A  0.6822415407822654
   1  3137   U  0.5405352236768026
   1  3138   U  0.3767803825115743
   1  3139   C 0.45955201486583186
   1  3140   A  0.5480924999851498
   1  3141   G  0.5546414277633639
   1  3142   A  0.3959608810536328
   1  3143   U 0.10170552671140355
   1  3144   C  0.3324874200095438
   1  3145   A 0.28990912301884203
   1  3146   U   0.458258060376467
   1  3147   U 0.38886910052375795
   1  3148   G  0.5514210599553908
   1  3149   G 0.46157840312749554
   1  3150   U  0.3049972896481613
   1  3151   A  0.2070563967489493
   1  3152   U 0.27558061840596837
   1  3153   U 0.10468731990752078
   1  3154   U 0.35904015984464666
   1  3155   G  0.2590644154494753
   1  3156   C 0.23966901058537465
   1  3157   G 0.07032494988846873
   1  3158   G  0.2454289317819076
   1  3177   C 0.23880808212226998
   1  3178   C  0.3640803284504937
   1  3179   G 0.21382054237542425
   1  3180   C 0.30051480845913014
   1  3181   G  0.3613216678024433
   1  3182   G 0.18645718123303595
   1  3183   A  0.2653972771511131
   1  3184   G 0.18226905966567933
   1  3185   C 0.07071576463563857
   1  3186   U 0.18763066359172856
   1  3187   A  0.2649772330810445
   1  3188   U 0.16987132526704565
   1  3189   C  0.3339482547227741
   1  3190   A  0.3793755131998153
   1  3191   U 0.49514092271614213
   1  3192   C  0.5451620692169287
   1  3193   U  0.6412271785784247
   1  3194   G  0.5827850103821774
   1  3195   C  0.3228518640581132
   1  3196   C 0.44417180777248183
   1  3197   G  0.5490336108568059
   1  3198   G  0.6134118286267486
   1  3199   A  0.6270912545578488
   1  3200   U  0.6241653492699955
   1  3201   A  0.4596713057495428
   1  3202   A  0.4530901219920873
   1  3203   C  0.4780531147053556
   1  3204   G  0.4971541596012973
   1  3205   G  0.5035416825214036
   1  3206   C  0.5481883752295837
   1  3207   U  0.5379873909153643
   1  3208   G   0.561071788164997
   1  3209   A  0.5918108234373047
   1  3210   A  0.5049328732516575
   1  3211   C  0.3989670759351463
   1  3212   G  0.3017847120624881
   1  3213   C 0.14690891597416145
   1  3214   C 0.40995604771064464
   1  3215   U  0.4680463314673553
   1  3216   C 0.18790250375615397
   1  3217   U    0.50997655746124
   1  3218   A  0.6479557620597479
   1  3219   A  0.5580277114098919
   1  3220   G  0.6121820884812202
   1  3221   C  0.6623163642123747
   1  3222   C  0.4119205675943167
   1  3223   A  0.5395438162968812
   1  3224   G  0.4903243823366603
   1  3225   A 0.36616544870192397
   1  3226   A 0.38407394588546406
   1  3227   U  0.3131467419945272
   1  3228   C  0.4844890146793413
   1  3229   C  0.6341110765455661
   1  3230   G  0.5524527287596841
   1  3231   U 0.45148262764476516
   1  3232   G  0.5418730209515511
   1  3233   C  0.6764972874251014
   1  3234   C  0.7453563264733699
   1  3235   A  0.7054954156041832
   1  3236   G  0.7013427908789481
   1  3237   A  0.5953798975184749
   1  3238   A  0.2684206770132964
   1  3239   A 0.17336392825312733
   1  3240   G  0.5889882328433221
   1  3241   C  0.7933956457700672
   1  3242   G  0.8241498753659748
   1  3243   A  0.8129835482025757
   1  3244   C    0.79068294488772
   1  3245   G  0.7438648526389522
   1  3246   A   0.711865745092625
   1  3247   U  0.5625257436664756
   1  3248   U 0.46157645983128676
   1  3269   A   0.435250054663663
   1  3270   U  0.7030725503557743
   1  3271   G  0.7610715749442494
   1  3272   U  0.4107364893618076
   1  3273   A  0.7171026609171139
   1  3274   U  0.8035512677206312
   1  3275   A  0.8056364671775388
   1  3276   A  0.8118758564836399
   1  3277   A  0.8158873283986383
   1  3278   A  0.7570879493237388
   1  3279   A  0.6448233762763307
   1  3280   U  0.5251788698369179
   1  3281   A 0.19266683343171534
   1  3282   G  0.5162944135691465
   1  3283   A  0.6371500114232432
   1  3284   G  0.3731397411451969
   1  3285   G 0.34133638377332964
   1  3286   U  0.3323259321976589
   1  3287   A 0.30972676855785214
   1  3288   G 0.27294106024070314
   1  3289   G  0.2579083683130142
   1  3298   C  0.4072862271979358
   1  3299   U 0.46218362765875054
   1  3300   A  0.4817058975863759
   1  3301   C 0.44013508356746445
   1  3302   U 0.43174653644670674
   1  3303   C   0.504737580623454
   1  3304   U  0.5562068471985113
   1  3305   C  0.6496872217767232
   1  3306   C  0.6185657149673013
   1  3307   U  0.6613061708939278
   1  3308   G  0.8009310405834101
   1  3309   U  0.7520128959087983
   1  3310   A  0.8493410984885998
   1  3311   U  0.8600887813134979
   1  3312   C  0.8653971100207883
   1  3313   G  0.8367958452097526
   1  3314   U  0.7584280142405132
   1  3315   A  0.6026797765518984
   1  3316   G  0.6587526694845102
   1  3317   A 0.48112023619647926
   1  3318   A 0.19383861901728963
   1  3319   G 0.49637553908140297
   1  3320   A  0.6499225523215979
   1  3321   U  0.6346562420382532
   1  3322   G  0.6443222389124138
   1  3323   G  0.5528018877645605
   1  3324   G 0.49815027365753467
   1  3325   C  0.5821258964107847
   1  3326   G   0.653528803500683
   1  3327   A  0.6572371892578193
   1  3328   U 0.46707263779629254
   1  3329   G 0.49785251555466015
   1  3330   G   0.648556822184535
   1  3331   U  0.5780288397971648
   1  3332   U  0.5018779525696043
   1  3333   G  0.5731403687399846
   1  3334   A   0.578295728760729
   1  3335   U  0.5439666149999821
   1  3336   G  0.5047330357432767
   1  3337   A  0.4379446069598674
   1  3338   A  0.5318446156873504
   1  3339   A  0.6005989616777837
   1  3340   C  0.6509930809712233
   1  3341   G  0.7186314329272513
   1  3342   G  0.7033350110946736
   1  3343   A  0.5070589225334201
   1  3344   A  0.7557062470351009
   1  3345   G  0.7052746366783007
   1  3346   U 0.47326821343544234
   1  3347   G  0.7774099426789405
   1  3348   U  0.7568821628256938
   1  3349   U  0.6703523211944173
   1  3350   U  0.5368261277225841
   1  3351   U  0.5021104116060459
   1  3352   A  0.4894771173760477
   1  3353   U  0.4224499306680754
   1  3354   U 0.44004804930815444
   1  3355   G  0.4482392442527513
   1  3356   A  0.4621782270368344
   1  3357   C  0.6362780550133543
   1  3358   U    0.69008084801383
   1  3359   U  0.6077330088922951
   1  3360   G   0.628079567187463
   1  3361   U  0.5985569918860021
   1  3362   C  0.6023150511699066
   1  3363   C  0.6934523016820767
   1  3364   A  0.6929531869418605
   1  3365   U  0.6302090218810276
   1  3366   G  0.6510377919597083
   1  3367   A   0.495590129482436
   1  3368   A  0.4974656459873635
   1  3369   A  0.8090416191112367
   1  3370   U  0.8127291370386337
   1  3371   U  0.8181680370818366
   1  3372   C  0.7654126158097805
   1  3373   C  0.8309689432744982
   1  3374   A  0.7647283159852312
   1  3375   U 0.32750562077338846
   1  3395   G  0.6597210758685939
   1  3396   A  0.6176917529975291
   1  3397   A  0.5237408413617153
   1  3398   U  0.4715041751593677
   1  3399   C 0.30250516017632156
   1  3400   C   0.295298267332129
   1  3401   A  0.5069135141273525
   1  3402   U  0.5712239796129304
   1  3403   U 0.48941387704185624
   1  3404   G 0.48688307391053554
   1  3405   C  0.1842965874501316
   1  3406   A 0.39906589315476865
   1  3407   U 0.24550680440952624
   1  3408   A  0.2752502916967836
   1  3409   C 0.14293916944818388
   1  3410   G 0.32623640282352184
   1  3411   A  0.5270249439181179
   1  3412   C  0.6248606622393543
   1  3413   U  0.5735628533142703
   1  3414   U  0.5510445222680507
   1  3415   U  0.5179033205682836
   1  3416   A  0.4485565106065967
   1  3417   A 0.11092305115524131
   1  3418   U  0.4518703836532075
   1  3419   G  0.4600619557883976
   1  3420   U  0.3907787244907142
   1  3421   G 0.15323289024666195
   1  3422   G 0.08481902474862948
   1  3423   A 0.19478927533721477
   1  3424   A 0.24996289078565337
   1  3425   C 0.23683645842639084
   1  3426   G 0.21039046845718654
   1  3427   G 0.15140827944342486
   1  3428   G 0.08908990294687327
   1  3429   G  0.3143992697130099
   1  3430   U  0.5302279788423983
   1  3431   A  0.4422389351694609
   1  3432   U  0.3451321255259317
   1  3433   U 0.19546788270671847
   1  3434   G  0.3162882381993053
   1  3435   U  0.3747386653641047
   1  3471   A  0.2876376525708361
   1  3472   G 0.25142227451127275
   1  3473   A 0.21475129284476607
   1  3474   U  0.2546090175524499
   1  3475   U  0.2285005364173672
   1  3476   A -0.0851994448755981
   1  3477   A 0.14173283802929437
   1  3478   G-0.043734287423076175
   1  3479   C-0.007219902192553575
   1  3480   C 0.19706804615221427
   1  3481   U 0.12758159369088828
   1  3482   U 0.31313201066043894
   1  3483   U  0.2990544588255762
   1  3484   G 0.32280870488002295
   1  3485   U  0.4033095509475484
   1  3486   U  0.2300805108710962
   1  3487   C 0.25437763839285193
   1  3488   C  0.3653174426860828
   1  3489   C 0.26482788804387314
   1  3490   A 0.34632089145982314
   1  3491   A 0.35573912354938214
   1  3492   G 0.49517072751215796
   1  3493   A 0.48564566501429385
   1  3494   U  0.5030605449311891
   1  3495   U  0.5335202318100548
   1  3496   U  0.5020383349463409
   1  3497   G  0.3589675392103502
   2     8   A 0.20944047140183772
   2     9   A  0.1892773687998774
   2    10   A  0.3617900889655122
   2    11   A  0.5334705584044239
   2    12   C  0.6516052446161846
   2    13   U  0.7185590776812334
   2    14   U  0.8309869885342274
   2    15   U  0.8766372773060839
   2    16   C  0.8904664492800236
   2    17   A  0.9052165077233983
   2    18   G  0.9113849176418589
   2    19   C  0.9060088155869337
   2    20   A   0.906247963632679
   2    21   A  0.9027517345858237
   2    22   C  0.8967072995446252
   2    23   G  0.9240622146205244
   2    24   G   0.917112014397445
   2    25   A  0.9270237269140088
   2    26   U  0.9016059102299395
   2    27   C  0.9148693640063916
   2    28   U   0.881973677758377
   2    29   C  0.8850611340611637
   2    30   U  0.8882025795117995
   2    31   U   0.836873681484312
   2    32   G   0.909893659301031
   2    33   G  0.9185844783942437
   2    34   C  0.9010322510144277
   2    35   U  0.8969089972264062
   2    36   C  0.9111539745425301
   2    37   U  0.8966167648197897
   2    38   C   0.886287014541836
   2    39   G  0.8672746650784287
   2    40   C  0.8795053529203398
   2    41   A  0.8901923062937797
   2    42   U  0.8582058568194902
   2    43   C  0.9032246740088442
   2    44   G  0.8922100100772364
   2    45   A  0.9100002535062769
   2    46   U  0.8561660814187233
   2    47   G  0.9253588370912961
   2    48   A  0.9201655060675317
   2    49   A  0.8911290785031003
   2    50   G  0.8837925829421941
   2    51   A  0.8619479575600112
   2    52   A  0.8628197284492133
   2    53   C  0.8638327474723515
   2    54   G  0.8915643049730668
   2    55   C  0.8750845372111873
   2    56   A  0.5744065956740028
   2    57   G  0.4425393110172381
   2    58   C  0.4284183670894282
   2    59   G  0.3871558604064236
   2    60   A  0.5140191976319982
   2    61   A 0.49280455727159417
   2    62   A  0.7098610271287632
   2    63   U  0.8510450818884067
   2    64   G  0.8649899693638659
   2    65   C  0.9108272844712316
   2    66   G  0.9107170920458548
   2    67   A  0.8908808419985311
   2    68   U  0.8744196327682027
   2    69   A  0.8815079648041959
   2    70   C  0.6192465645711536
   2    71   G   0.762685804364641
   2    72   U  0.8202109442410632
   2    73   A  0.8556350236120702
   2    74   A  0.8495391924124236
   2    75   U  0.8098166432484721
   2    76   G  0.7281315665432391
   2    77   U  0.6761619703183941
   2    78   G  0.7171530066506807
   2    79   A  0.6597209811291456
   2    80   A  0.5658426569876918
   2    81   U   0.550316652437855
   2    82   U 0.46529775133937024
   2    83   G  0.2723550092474625
   2    84   C  0.2159171208541435
   2    85   A   0.303802526544649
   2    86   G 0.18502076638470297
   2    87   A  0.2997821451403026
   2    88   A  0.2999249314602158
   2    95   G   0.639242113387149
   2    96   A  0.6630247440259704
   2    97   A  0.6648062495976792
   2    98   U  0.5229619968237692
   2    99   C  0.7537781840425234
   2   100   A   0.806529969872306
   2   101   U  0.8250176273582694
   2   102   C  0.7908576831571501
   2   103   G  0.8222045781836764
   2   104   A  0.8878046274837891
   2   105   A  0.8423995930430015
   2   106   U  0.8668107729373263
   2   107   C  0.8606463872284713
   2   108   U  0.8550160518636124
   2   109   U  0.8805385941558944
   2   110   U  0.8798531171135212
   2   111   G  0.9012181454621814
   2   112   A  0.9244603347424631
   2   113   A  0.9074620475640436
   2   114   C   0.883469182570058
   2   115   G  0.8194589064431165
   2   116   C   0.640635739256442
   2   117   A  0.3989676529767435
   2   118   C  0.3577510384772246
   2   121   U 0.35343324757529415
   2   122   G   0.415547604965188
   2   123   C  0.4130103189380192
   2   124   G  0.5164725163249977
   2   125   C   0.591960574328782
   2   126   C  0.5943616642998828
   2   127   U  0.5527181765355796
   2   128   U  0.4634697431362397
   2   129   U  0.3543884855618601
   2   130   G   0.223053448354123
   2   131   G 0.12935159566625568
   2   132   G 0.14896423405724332
   2   133   U  0.2878373724092054
   2   134   U  0.1764030380116548
   2   135   C 0.26387393030582784
   2   136   U 0.37057485963312015
   2   137   A 0.24561052057278282
   2   138   C  0.4035534860724017
   2   139   C   0.341060575742151
   2   140   A  0.3078369842571444
   2   141   A 0.26718165538801314
   2   142   A  0.3820933275124498
   2   143   G  0.5696136980865149
   2   144   G  0.6267321294882754
   2   145   C  0.7843998465651136
   2   146   A  0.8752129957334651
   2   147   U  0.8729758929375444
   2   148   G  0.8662732496640696
   2   149   C  0.8660356145515778
   2   150   C  0.8812641485089299
   2   151   U  0.8883095060388273
   2   152   G    0.88965839713647
   2   153   U  0.8629673965161566
   2   154   U  0.8400212322902832
   2   155   U  0.7653759613821188
   2   156   G  0.7173442638596383
   2   157   A  0.7427314140660047
   2   158   G  0.6207480473258652
   2   159   U  0.4169066897246711
   2   160   G  0.7135378982580806
   2   161   U  0.7362917930925911
   2   162   C  0.7439078551743854
   2   163   A  0.6832695003822694
   2   164   U 0.42923348640676395
   2   165   U 0.16380350758474735
   6     1   A  0.5855384437154985
   6     2   C  0.7223373365963557
   6     3   A  0.7556931735570415
   6     4   A  0.6346558273614286
   6     5   U  0.6987115730829884
   6     6   C  0.7297018921891874
   6     7   U  0.6851570588849114
   6     8   U  0.5696012575803915
   6     9   C  0.6197954842951924
   6    10   U  0.7002863315458273
   6    11   C  0.6848373945330738
   6    12   A  0.5764811394416892
   6    42   U 0.40754114451971435
   6    43   G  0.6420505584107258
   6    44   A  0.6609662469586752
   6    45   G  0.7038671614256156
   6    46   G  0.6700393759407262
   6    47   U  0.6824970107078915
   6    48   G  0.6593394013378557
   6    49   U  0.7585769911389637
   6    50   U   0.806778824974614
   6    51   G  0.8307720754310415
   6    52   A  0.8394173187426398
   6    53   A  0.8116093964691952
   6    54   C   0.753478775492688
   6    55   G  0.6449097547421327
   6    56   A  0.6037097055196278
   6    57   A  0.6468989522910277
   6    58   A  0.6835954283268664
   6    59   A  0.5806162913997359
   6    60   U 0.40554701306125307
   6    61   U  0.3821647193557426
   6    62   U  0.4679733794133334
   6    81   A  0.3410676878892888
   6    82   A  0.6361104626241059
   6    83   A  0.6298363015311728
   6    84   U  0.6108572400198602
   6    85   U   0.668189595297465
   6    86   U   0.653811564341002
   6    87   A  0.6435190353684629
   6    88   G  0.6414172578090541
   6    89   U  0.6860398464923639
   6    90   U   0.768629442379761
   6    91   U  0.7883772143677032
   6    92   G  0.6901827906996829
   6    93   A  0.6754646779440818
   6    94   A  0.7983655556863352
   6    95   A  0.7951442013439375
   6    96   U  0.7549432445263564
   6    97   C  0.6096802618866568
   6    98   G  0.6146391002709107
   6    99   A  0.5374533997228436
   6   100   U  0.5373345302295652
   6   101   U 0.46607547823924217
   6   102   G 0.40655925068866133
   6   103   G  0.5901648301435409
   6   104   U  0.6122275009801342
   6   105   G  0.4809086553682112
   6   106   A  0.3722676777845324
   6   107   A 0.42724462990219597
   6   108   A  0.5331962205534725
   6   176   U  0.2776195323576994
   6   177   U   0.450808032227397
   6   178   U  0.4298026980669741
   6   179   U 0.35823471936046986
   6   180   A 0.41505751147271125
   6   181   C  0.3668347887267803
   6   182   C  0.5838697945930961
   6   183   A  0.5317304222125212
   6   184   C  0.6115508303306338
   6   185   U  0.5427585027760857
   6   186   U   0.630391835597414
   6   187   U   0.663768894171854
   6   188   G  0.4031646987687831
   6   189   U  0.1655824968807465
   j   101  ZN  0.4655320970083626

CC per chain
   1  0.7672063983683769
   2  0.7576164940739271
   6  0.6117257645831715
   j  0.4655320970083626
